2.00859e+01  3.20256e-04  3.20256e-04
2.01894e+01  3.24300e-04  3.24300e-04
2.02932e+01  3.28296e-04  3.28296e-04
2.03972e+01  3.32243e-04  3.32243e-04
2.05016e+01  3.36146e-04  3.36146e-04
2.06062e+01  3.40008e-04  3.40008e-04
2.07111e+01  3.43832e-04  3.43832e-04
2.08163e+01  3.47619e-04  3.47619e-04
2.09217e+01  3.51373e-04  3.51373e-04
2.10275e+01  3.55093e-04  3.55093e-04
2.11335e+01  3.58784e-04  3.58784e-04
2.12398e+01  3.62449e-04  3.62449e-04
2.13464e+01  3.66089e-04  3.66089e-04
2.14532e+01  3.69705e-04  3.69705e-04
2.15604e+01  3.73298e-04  3.73298e-04
2.16678e+01  3.76867e-04  3.76867e-04
2.17755e+01  3.80412e-04  3.80412e-04
2.18835e+01  3.83931e-04  3.83931e-04
2.19918e+01  3.87431e-04  3.87431e-04
2.21004e+01  3.90905e-04  3.90905e-04
2.22093e+01  3.94355e-04  3.94355e-04
2.23185e+01  3.97778e-04  3.97778e-04
2.24279e+01  4.01182e-04  4.01182e-04
2.25377e+01  4.04553e-04  4.04553e-04
2.26477e+01  4.07906e-04  4.07906e-04
2.27580e+01  4.11232e-04  4.11232e-04
2.28687e+01  4.14532e-04  4.14532e-04
2.29796e+01  4.17796e-04  4.17796e-04
2.30908e+01  4.21016e-04  4.21016e-04
2.32023e+01  4.24201e-04  4.24201e-04
2.33141e+01  4.27337e-04  4.27337e-04
2.34262e+01  4.30424e-04  4.30424e-04
2.35386e+01  4.33458e-04  4.33458e-04
2.36513e+01  4.36448e-04  4.36448e-04
2.37643e+01  4.39384e-04  4.39384e-04
2.38777e+01  4.42278e-04  4.42278e-04
2.39913e+01  4.45123e-04  4.45123e-04
2.41052e+01  4.47920e-04  4.47920e-04
2.42194e+01  4.50664e-04  4.50664e-04
2.43339e+01  4.53358e-04  4.53358e-04
2.44487e+01  4.55987e-04  4.55987e-04
2.45639e+01  4.58568e-04  4.58568e-04
2.46793e+01  4.61071e-04  4.61071e-04
2.47951e+01  4.63516e-04  4.63516e-04
2.49111e+01  4.65891e-04  4.65891e-04
2.50275e+01  4.68200e-04  4.68200e-04
2.51441e+01  4.70440e-04  4.70440e-04
2.52611e+01  4.72613e-04  4.72613e-04
2.53784e+01  4.74732e-04  4.74732e-04
2.54960e+01  4.76784e-04  4.76784e-04
2.56139e+01  4.78782e-04  4.78782e-04
2.57322e+01  4.80716e-04  4.80716e-04
2.58507e+01  4.82599e-04  4.82599e-04
2.59696e+01  4.84425e-04  4.84425e-04
2.60888e+01  4.86195e-04  4.86195e-04
2.62083e+01  4.87912e-04  4.87912e-04
2.63281e+01  4.89579e-04  4.89579e-04
2.64482e+01  4.91189e-04  4.91189e-04
2.65687e+01  4.92756e-04  4.92756e-04
2.66895e+01  4.94266e-04  4.94266e-04
2.68106e+01  4.95725e-04  4.95725e-04
2.69320e+01  4.97133e-04  4.97133e-04
2.70537e+01  4.98496e-04  4.98496e-04
2.71758e+01  4.99816e-04  4.99816e-04
2.72982e+01  5.01087e-04  5.01087e-04
2.74209e+01  5.02317e-04  5.02317e-04
2.75440e+01  5.03504e-04  5.03504e-04
2.76673e+01  5.04649e-04  5.04649e-04
2.77911e+01  5.05749e-04  5.05749e-04
2.79151e+01  5.06804e-04  5.06804e-04
2.80395e+01  5.07820e-04  5.07820e-04
2.81641e+01  5.08799e-04  5.08799e-04
2.82892e+01  5.09749e-04  5.09749e-04
2.84145e+01  5.10658e-04  5.10658e-04
2.85402e+01  5.11538e-04  5.11538e-04
2.86663e+01  5.12388e-04  5.12388e-04
2.87926e+01  5.13211e-04  5.13211e-04
2.89193e+01  5.14000e-04  5.14000e-04
2.90464e+01  5.14764e-04  5.14764e-04
2.91738e+01  5.15493e-04  5.15493e-04
2.93015e+01  5.16198e-04  5.16198e-04
2.94295e+01  5.16869e-04  5.16869e-04
2.95579e+01  5.17511e-04  5.17511e-04
2.96867e+01  5.18128e-04  5.18128e-04
2.98158e+01  5.18712e-04  5.18712e-04
2.99452e+01  5.19272e-04  5.19272e-04
3.00750e+01  5.19803e-04  5.19803e-04
3.02051e+01  5.20309e-04  5.20309e-04
3.03355e+01  5.20788e-04  5.20788e-04
3.04664e+01  5.21243e-04  5.21243e-04
3.05975e+01  5.21675e-04  5.21675e-04
3.07290e+01  5.22083e-04  5.22083e-04
3.08609e+01  5.22466e-04  5.22466e-04
3.09931e+01  5.22829e-04  5.22829e-04
3.11257e+01  5.23167e-04  5.23167e-04
3.12586e+01  5.23489e-04  5.23489e-04
3.13919e+01  5.23788e-04  5.23788e-04
3.15255e+01  5.24065e-04  5.24065e-04
3.16595e+01  5.24315e-04  5.24315e-04
3.17938e+01  5.24543e-04  5.24543e-04
3.19285e+01  5.24748e-04  5.24748e-04
3.20636e+01  5.24926e-04  5.24926e-04
3.21990e+01  5.25085e-04  5.25085e-04
3.23348e+01  5.25220e-04  5.25220e-04
3.24709e+01  5.25335e-04  5.25335e-04
3.26074e+01  5.25423e-04  5.25423e-04
3.27443e+01  5.25494e-04  5.25494e-04
3.28815e+01  5.25545e-04  5.25545e-04
3.30191e+01  5.25569e-04  5.25569e-04
3.31570e+01  5.25569e-04  5.25569e-04
3.32954e+01  5.25555e-04  5.25555e-04
3.34341e+01  5.25510e-04  5.25510e-04
3.35731e+01  5.25447e-04  5.25447e-04
3.37126e+01  5.25360e-04  5.25360e-04
3.38524e+01  5.25251e-04  5.25251e-04
3.39926e+01  5.25112e-04  5.25112e-04
3.41331e+01  5.24956e-04  5.24956e-04
3.42741e+01  5.24768e-04  5.24768e-04
3.44154e+01  5.24560e-04  5.24560e-04
3.45570e+01  5.24326e-04  5.24326e-04
3.46991e+01  5.24070e-04  5.24070e-04
3.48415e+01  5.23791e-04  5.23791e-04
3.49844e+01  5.23484e-04  5.23484e-04
3.51275e+01  5.23166e-04  5.23166e-04
3.52711e+01  5.22812e-04  5.22812e-04
3.54151e+01  5.22451e-04  5.22451e-04
3.55594e+01  5.22060e-04  5.22060e-04
3.57042e+01  5.21665e-04  5.21665e-04
3.58493e+01  5.21241e-04  5.21241e-04
3.59948e+01  5.20807e-04  5.20807e-04
3.61407e+01  5.20349e-04  5.20349e-04
3.62869e+01  5.19882e-04  5.19882e-04
3.64336e+01  5.19384e-04  5.19384e-04
3.65807e+01  5.18879e-04  5.18879e-04
3.67281e+01  5.18347e-04  5.18347e-04
3.68760e+01  5.17795e-04  5.17795e-04
3.70242e+01  5.17228e-04  5.17228e-04
3.71728e+01  5.16639e-04  5.16639e-04
3.73219e+01  5.16021e-04  5.16021e-04
3.74713e+01  5.15401e-04  5.15401e-04
3.76211e+01  5.14744e-04  5.14744e-04
3.77713e+01  5.14081e-04  5.14081e-04
3.79219e+01  5.13393e-04  5.13393e-04
3.80730e+01  5.12685e-04  5.12685e-04
3.82244e+01  5.11966e-04  5.11966e-04
3.83762e+01  5.11228e-04  5.11228e-04
3.85285e+01  5.10471e-04  5.10471e-04
3.86811e+01  5.09699e-04  5.09699e-04
3.88341e+01  5.08918e-04  5.08918e-04
3.89876e+01  5.08110e-04  5.08110e-04
3.91415e+01  5.07294e-04  5.07294e-04
3.92957e+01  5.06470e-04  5.06470e-04
3.94504e+01  5.05617e-04  5.05617e-04
3.96055e+01  5.04769e-04  5.04769e-04
3.97610e+01  5.03897e-04  5.03897e-04
3.99169e+01  5.03018e-04  5.03018e-04
4.00733e+01  5.02134e-04  5.02134e-04
4.02300e+01  5.01219e-04  5.01219e-04
4.03872e+01  5.00308e-04  5.00308e-04
4.05448e+01  4.99381e-04  4.99381e-04
4.07028e+01  4.98440e-04  4.98440e-04
4.08612e+01  4.97492e-04  4.97492e-04
4.10201e+01  4.96526e-04  4.96526e-04
4.11794e+01  4.95559e-04  4.95559e-04
4.13391e+01  4.94578e-04  4.94578e-04
4.14992e+01  4.93585e-04  4.93585e-04
4.16597e+01  4.92583e-04  4.92583e-04
4.18207e+01  4.91564e-04  4.91564e-04
4.19821e+01  4.90539e-04  4.90539e-04
4.21440e+01  4.89510e-04  4.89510e-04
4.23062e+01  4.88451e-04  4.88451e-04
4.24689e+01  4.87394e-04  4.87394e-04
4.26321e+01  4.86341e-04  4.86341e-04
4.27956e+01  4.85252e-04  4.85252e-04
4.29597e+01  4.84170e-04  4.84170e-04
4.31241e+01  4.83078e-04  4.83078e-04
4.32890e+01  4.81972e-04  4.81972e-04
4.34543e+01  4.80851e-04  4.80851e-04
4.36201e+01  4.79726e-04  4.79726e-04
4.37863e+01  4.78590e-04  4.78590e-04
4.39529e+01  4.77446e-04  4.77446e-04
4.41200e+01  4.76285e-04  4.76285e-04
4.42875e+01  4.75119e-04  4.75119e-04
4.44555e+01  4.73951e-04  4.73951e-04
4.46239e+01  4.72764e-04  4.72764e-04
4.47928e+01  4.71568e-04  4.71568e-04
4.49621e+01  4.70368e-04  4.70368e-04
4.51319e+01  4.69168e-04  4.69168e-04
4.53022e+01  4.67944e-04  4.67944e-04
4.54728e+01  4.66726e-04  4.66726e-04
4.56440e+01  4.65496e-04  4.65496e-04
4.58156e+01  4.64240e-04  4.64240e-04
4.59876e+01  4.63022e-04  4.63022e-04
4.61601e+01  4.61763e-04  4.61763e-04
4.63331e+01  4.60500e-04  4.60500e-04
4.65065e+01  4.59243e-04  4.59243e-04
4.66804e+01  4.57977e-04  4.57977e-04
4.68548e+01  4.56698e-04  4.56698e-04
4.70296e+01  4.55429e-04  4.55429e-04
4.72049e+01  4.54159e-04  4.54159e-04
4.73806e+01  4.52862e-04  4.52862e-04
4.75569e+01  4.51576e-04  4.51576e-04
4.77335e+01  4.50305e-04  4.50305e-04
4.79107e+01  4.48994e-04  4.48994e-04
4.80883e+01  4.47696e-04  4.47696e-04
4.82664e+01  4.46417e-04  4.46417e-04
4.84450e+01  4.45088e-04  4.45088e-04
4.86241e+01  4.43798e-04  4.43798e-04
4.88036e+01  4.42488e-04  4.42488e-04
4.89836e+01  4.41161e-04  4.41161e-04
4.91641e+01  4.39862e-04  4.39862e-04
4.93451e+01  4.38531e-04  4.38531e-04
4.95265e+01  4.37189e-04  4.37189e-04
4.97085e+01  4.35898e-04  4.35898e-04
4.98909e+01  4.34551e-04  4.34551e-04
5.00738e+01  4.33207e-04  4.33207e-04
5.02572e+01  4.31889e-04  4.31889e-04
5.04411e+01  4.30539e-04  4.30539e-04
5.06255e+01  4.29207e-04  4.29207e-04
5.08103e+01  4.27860e-04  4.27860e-04
5.09957e+01  4.26510e-04  4.26510e-04
5.11815e+01  4.25163e-04  4.25163e-04
5.13679e+01  4.23811e-04  4.23811e-04
5.15547e+01  4.22464e-04  4.22464e-04
5.17421e+01  4.21094e-04  4.21094e-04
5.19299e+01  4.19743e-04  4.19743e-04
5.21182e+01  4.18391e-04  4.18391e-04
5.23071e+01  4.17010e-04  4.17010e-04
5.24964e+01  4.15646e-04  4.15646e-04
5.26863e+01  4.14293e-04  4.14293e-04
5.28766e+01  4.12916e-04  4.12916e-04
5.30675e+01  4.11534e-04  4.11534e-04
5.32589e+01  4.10169e-04  4.10169e-04
5.34507e+01  4.08793e-04  4.08793e-04
5.36431e+01  4.07422e-04  4.07422e-04
5.38360e+01  4.06042e-04  4.06042e-04
5.40295e+01  4.04656e-04  4.04656e-04
5.42234e+01  4.03273e-04  4.03273e-04
5.44178e+01  4.01898e-04  4.01898e-04
5.46128e+01  4.00520e-04  4.00520e-04
5.48083e+01  3.99122e-04  3.99122e-04
5.50043e+01  3.97735e-04  3.97735e-04
5.52008e+01  3.96359e-04  3.96359e-04
5.53979e+01  3.94958e-04  3.94958e-04
5.55955e+01  3.93592e-04  3.93592e-04
5.57936e+01  3.92188e-04  3.92188e-04
5.59922e+01  3.90772e-04  3.90772e-04
5.61914e+01  3.89428e-04  3.89428e-04
5.63910e+01  3.88013e-04  3.88013e-04
5.65913e+01  3.86602e-04  3.86602e-04
5.67920e+01  3.85254e-04  3.85254e-04
5.69933e+01  3.83825e-04  3.83825e-04
5.71952e+01  3.82438e-04  3.82438e-04
5.73975e+01  3.81070e-04  3.81070e-04
5.76004e+01  3.79643e-04  3.79643e-04
5.78039e+01  3.78255e-04  3.78255e-04
5.80079e+01  3.76881e-04  3.76881e-04
5.82124e+01  3.75462e-04  3.75462e-04
5.84175e+01  3.74079e-04  3.74079e-04
5.86231e+01  3.72691e-04  3.72691e-04
5.88293e+01  3.71286e-04  3.71286e-04
5.90360e+01  3.69898e-04  3.69898e-04
5.92432e+01  3.68501e-04  3.68501e-04
5.94511e+01  3.67095e-04  3.67095e-04
5.96594e+01  3.65714e-04  3.65714e-04
5.98684e+01  3.64328e-04  3.64328e-04
6.00779e+01  3.62916e-04  3.62916e-04
6.02879e+01  3.61532e-04  3.61532e-04
6.04985e+01  3.60151e-04  3.60151e-04
6.07097e+01  3.58734e-04  3.58734e-04
6.09214e+01  3.57354e-04  3.57354e-04
6.11337e+01  3.55975e-04  3.55975e-04
6.13466e+01  3.54568e-04  3.54568e-04
6.15600e+01  3.53189e-04  3.53189e-04
6.17740e+01  3.51785e-04  3.51785e-04
6.19885e+01  3.50393e-04  3.50393e-04
6.22037e+01  3.49030e-04  3.49030e-04
6.24194e+01  3.47625e-04  3.47625e-04
6.26357e+01  3.46241e-04  3.46241e-04
6.28525e+01  3.44873e-04  3.44873e-04
6.30700e+01  3.43460e-04  3.43460e-04
6.32880e+01  3.42096e-04  3.42096e-04
6.35066e+01  3.40714e-04  3.40714e-04
6.37258e+01  3.39317e-04  3.39317e-04
6.39455e+01  3.37961e-04  3.37961e-04
6.41659e+01  3.36569e-04  3.36569e-04
6.43868e+01  3.35159e-04  3.35159e-04
6.46083e+01  3.33823e-04  3.33823e-04
6.48304e+01  3.32445e-04  3.32445e-04
6.50532e+01  3.31044e-04  3.31044e-04
6.52765e+01  3.29695e-04  3.29695e-04
6.55003e+01  3.28303e-04  3.28303e-04
6.57248e+01  3.26912e-04  3.26912e-04
6.59499e+01  3.25582e-04  3.25582e-04
6.61756e+01  3.24195e-04  3.24195e-04
6.64019e+01  3.22806e-04  3.22806e-04
6.66288e+01  3.21470e-04  3.21470e-04
6.68563e+01  3.20069e-04  3.20069e-04
6.70844e+01  3.18713e-04  3.18713e-04
6.73131e+01  3.17386e-04  3.17386e-04
6.75424e+01  3.15985e-04  3.15985e-04
6.77724e+01  3.14637e-04  3.14637e-04
6.80029e+01  3.13266e-04  3.13266e-04
6.82341e+01  3.11903e-04  3.11903e-04
6.84658e+01  3.10569e-04  3.10569e-04
6.86982e+01  3.09208e-04  3.09208e-04
6.89312e+01  3.07855e-04  3.07855e-04
6.91649e+01  3.06494e-04  3.06494e-04
6.93991e+01  3.05144e-04  3.05144e-04
6.96340e+01  3.03821e-04  3.03821e-04
6.98695e+01  3.02465e-04  3.02465e-04
7.01056e+01  3.01115e-04  3.01115e-04
7.03424e+01  2.99776e-04  2.99776e-04
7.05798e+01  2.98433e-04  2.98433e-04
7.08178e+01  2.97100e-04  2.97100e-04
7.10565e+01  2.95771e-04  2.95771e-04
7.12958e+01  2.94440e-04  2.94440e-04
7.15357e+01  2.93090e-04  2.93090e-04
7.17763e+01  2.91772e-04  2.91772e-04
7.20175e+01  2.90445e-04  2.90445e-04
7.22593e+01  2.89115e-04  2.89115e-04
7.25018e+01  2.87800e-04  2.87800e-04
7.27450e+01  2.86479e-04  2.86479e-04
7.29887e+01  2.85156e-04  2.85156e-04
7.32332e+01  2.83833e-04  2.83833e-04
7.34783e+01  2.82541e-04  2.82541e-04
7.37240e+01  2.81210e-04  2.81210e-04
7.39704e+01  2.79914e-04  2.79914e-04
7.42175e+01  2.78610e-04  2.78610e-04
7.44652e+01  2.77297e-04  2.77297e-04
7.47136e+01  2.76012e-04  2.76012e-04
7.49626e+01  2.74712e-04  2.74712e-04
7.52123e+01  2.73415e-04  2.73415e-04
7.54627e+01  2.72117e-04  2.72117e-04
7.57137e+01  2.70838e-04  2.70838e-04
7.59654e+01  2.69551e-04  2.69551e-04
7.62178e+01  2.68264e-04  2.68264e-04
7.64708e+01  2.66990e-04  2.66990e-04
7.67245e+01  2.65698e-04  2.65698e-04
7.69789e+01  2.64433e-04  2.64433e-04
7.72340e+01  2.63162e-04  2.63162e-04
7.74897e+01  2.61886e-04  2.61886e-04
7.77461e+01  2.60620e-04  2.60620e-04
7.80033e+01  2.59350e-04  2.59350e-04
7.82611e+01  2.58095e-04  2.58095e-04
7.85195e+01  2.56835e-04  2.56835e-04
7.87787e+01  2.55574e-04  2.55574e-04
7.90386e+01  2.54318e-04  2.54318e-04
7.92991e+01  2.53072e-04  2.53072e-04
7.95604e+01  2.51816e-04  2.51816e-04
7.98223e+01  2.50572e-04  2.50572e-04
8.00850e+01  2.49345e-04  2.49345e-04
8.03483e+01  2.48089e-04  2.48089e-04
8.06124e+01  2.46861e-04  2.46861e-04
8.08771e+01  2.45627e-04  2.45627e-04
8.11426e+01  2.44390e-04  2.44390e-04
8.14087e+01  2.43163e-04  2.43163e-04
8.16756e+01  2.41944e-04  2.41944e-04
8.19432e+01  2.40729e-04  2.40729e-04
8.22115e+01  2.39499e-04  2.39499e-04
8.24805e+01  2.38287e-04  2.38287e-04
8.27502e+01  2.37078e-04  2.37078e-04
8.30207e+01  2.35870e-04  2.35870e-04
8.32918e+01  2.34677e-04  2.34677e-04
8.35637e+01  2.33461e-04  2.33461e-04
8.38363e+01  2.32265e-04  2.32265e-04
8.41097e+01  2.31065e-04  2.31065e-04
8.43837e+01  2.29888e-04  2.29888e-04
8.46585e+01  2.28694e-04  2.28694e-04
8.49341e+01  2.27513e-04  2.27513e-04
8.52103e+01  2.26315e-04  2.26315e-04
8.54873e+01  2.25148e-04  2.25148e-04
8.57650e+01  2.23972e-04  2.23972e-04
8.60435e+01  2.22800e-04  2.22800e-04
8.63227e+01  2.21635e-04  2.21635e-04
8.66027e+01  2.20464e-04  2.20464e-04
8.68834e+01  2.19301e-04  2.19301e-04
8.71649e+01  2.18146e-04  2.18146e-04
8.74471e+01  2.17001e-04  2.17001e-04
8.77300e+01  2.15828e-04  2.15828e-04
8.80137e+01  2.14707e-04  2.14707e-04
8.82982e+01  2.13547e-04  2.13547e-04
8.85834e+01  2.12402e-04  2.12402e-04
8.88694e+01  2.11263e-04  2.11263e-04
8.91562e+01  2.10146e-04  2.10146e-04
8.94437e+01  2.09015e-04  2.09015e-04
8.97319e+01  2.07893e-04  2.07893e-04
9.00210e+01  2.06752e-04  2.06752e-04
9.03108e+01  2.05640e-04  2.05640e-04
9.06014e+01  2.04531e-04  2.04531e-04
9.08927e+01  2.03423e-04  2.03423e-04
9.11849e+01  2.02309e-04  2.02309e-04
9.14778e+01  2.01205e-04  2.01205e-04
9.17715e+01  2.00113e-04  2.00113e-04
9.20660e+01  1.99009e-04  1.99009e-04
9.23612e+01  1.97920e-04  1.97920e-04
9.26573e+01  1.96827e-04  1.96827e-04
9.29541e+01  1.95738e-04  1.95738e-04
9.32517e+01  1.94663e-04  1.94663e-04
9.35501e+01  1.93582e-04  1.93582e-04
9.38494e+01  1.92513e-04  1.92513e-04
9.41494e+01  1.91435e-04  1.91435e-04
9.44502e+01  1.90372e-04  1.90372e-04
9.47518e+01  1.89304e-04  1.89304e-04
9.50542e+01  1.88247e-04  1.88247e-04
9.53574e+01  1.87190e-04  1.87190e-04
9.56615e+01  1.86140e-04  1.86140e-04
9.59663e+01  1.85092e-04  1.85092e-04
9.62720e+01  1.84043e-04  1.84043e-04
9.65784e+01  1.83006e-04  1.83006e-04
9.68857e+01  1.81963e-04  1.81963e-04
9.71938e+01  1.80933e-04  1.80933e-04
9.75027e+01  1.79892e-04  1.79892e-04
9.78125e+01  1.78861e-04  1.78861e-04
9.81230e+01  1.77844e-04  1.77844e-04
9.84344e+01  1.76831e-04  1.76831e-04
9.87467e+01  1.75804e-04  1.75804e-04
9.90597e+01  1.74789e-04  1.74789e-04
9.93736e+01  1.73776e-04  1.73776e-04
9.96883e+01  1.72771e-04  1.72771e-04
1.00004e+02  1.71769e-04  1.71769e-04
1.00320e+02  1.70774e-04  1.70774e-04
1.00638e+02  1.69773e-04  1.69773e-04
1.00956e+02  1.68778e-04  1.68778e-04
1.01275e+02  1.67791e-04  1.67791e-04
1.01594e+02  1.66805e-04  1.66805e-04
1.01915e+02  1.65823e-04  1.65823e-04
1.02237e+02  1.64839e-04  1.64839e-04
1.02559e+02  1.63870e-04  1.63870e-04
1.02882e+02  1.62890e-04  1.62890e-04
1.03206e+02  1.61924e-04  1.61924e-04
1.03531e+02  1.60966e-04  1.60966e-04
1.03857e+02  1.59993e-04  1.59993e-04
1.04184e+02  1.59045e-04  1.59045e-04
1.04511e+02  1.58080e-04  1.58080e-04
1.04840e+02  1.57128e-04  1.57128e-04
1.05169e+02  1.56180e-04  1.56180e-04
1.05499e+02  1.55234e-04  1.55234e-04
1.05830e+02  1.54301e-04  1.54301e-04
1.06162e+02  1.53357e-04  1.53357e-04
1.06495e+02  1.52423e-04  1.52423e-04
1.06828e+02  1.51487e-04  1.51487e-04
1.07163e+02  1.50570e-04  1.50570e-04
1.07499e+02  1.49642e-04  1.49642e-04
1.07835e+02  1.48719e-04  1.48719e-04
1.08172e+02  1.47805e-04  1.47805e-04
1.08510e+02  1.46887e-04  1.46887e-04
1.08849e+02  1.45974e-04  1.45974e-04
1.09189e+02  1.45081e-04  1.45081e-04
1.09530e+02  1.44178e-04  1.44178e-04
1.09872e+02  1.43269e-04  1.43269e-04
1.10215e+02  1.42381e-04  1.42381e-04
1.10558e+02  1.41482e-04  1.41482e-04
1.10903e+02  1.40584e-04  1.40584e-04
1.11248e+02  1.39717e-04  1.39717e-04
1.11595e+02  1.38834e-04  1.38834e-04
1.11942e+02  1.37945e-04  1.37945e-04
1.12290e+02  1.37079e-04  1.37079e-04
1.12639e+02  1.36207e-04  1.36207e-04
1.12989e+02  1.35331e-04  1.35331e-04
1.13340e+02  1.34477e-04  1.34477e-04
1.13692e+02  1.33617e-04  1.33617e-04
1.14045e+02  1.32755e-04  1.32755e-04
1.14399e+02  1.31909e-04  1.31909e-04
1.14754e+02  1.31058e-04  1.31058e-04
1.15109e+02  1.30207e-04  1.30207e-04
1.15466e+02  1.29372e-04  1.29372e-04
1.15824e+02  1.28536e-04  1.28536e-04
1.16182e+02  1.27690e-04  1.27690e-04
1.16542e+02  1.26866e-04  1.26866e-04
1.16902e+02  1.26035e-04  1.26035e-04
1.17264e+02  1.25208e-04  1.25208e-04
1.17626e+02  1.24394e-04  1.24394e-04
1.17989e+02  1.23570e-04  1.23570e-04
1.18354e+02  1.22757e-04  1.22757e-04
1.18719e+02  1.21944e-04  1.21944e-04
1.19085e+02  1.21138e-04  1.21138e-04
1.19453e+02  1.20340e-04  1.20340e-04
1.19821e+02  1.19531e-04  1.19531e-04
1.20190e+02  1.18740e-04  1.18740e-04
1.20560e+02  1.17949e-04  1.17949e-04
1.20931e+02  1.17146e-04  1.17146e-04
1.21303e+02  1.16365e-04  1.16365e-04
1.21677e+02  1.15586e-04  1.15586e-04
1.22051e+02  1.14802e-04  1.14802e-04
1.22426e+02  1.14027e-04  1.14027e-04
1.22802e+02  1.13258e-04  1.13258e-04
1.23179e+02  1.12477e-04  1.12477e-04
1.23557e+02  1.11716e-04  1.11716e-04
1.23936e+02  1.10954e-04  1.10954e-04
1.24317e+02  1.10192e-04  1.10192e-04
1.24698e+02  1.09436e-04  1.09436e-04
1.25080e+02  1.08691e-04  1.08691e-04
1.25463e+02  1.07925e-04  1.07925e-04
1.25847e+02  1.07182e-04  1.07182e-04
1.26233e+02  1.06451e-04  1.06451e-04
1.26619e+02  1.05709e-04  1.05709e-04
1.27006e+02  1.04962e-04  1.04962e-04
1.27395e+02  1.04233e-04  1.04233e-04
1.27784e+02  1.03511e-04  1.03511e-04
1.28174e+02  1.02781e-04  1.02781e-04
1.28566e+02  1.02061e-04  1.02061e-04
1.28958e+02  1.01339e-04  1.01339e-04
1.29352e+02  1.00619e-04  1.00619e-04
1.29746e+02  9.99027e-05  9.99027e-05
1.30142e+02  9.91932e-05  9.91932e-05
1.30539e+02  9.84954e-05  9.84954e-05
1.30937e+02  9.77944e-05  9.77944e-05
1.31335e+02  9.70881e-05  9.70881e-05
1.31735e+02  9.63951e-05  9.63951e-05
1.32136e+02  9.56980e-05  9.56980e-05
1.32538e+02  9.49994e-05  9.49994e-05
1.32941e+02  9.43264e-05  9.43264e-05
1.33345e+02  9.36458e-05  9.36458e-05
1.33751e+02  9.29553e-05  9.29553e-05
1.34157e+02  9.22813e-05  9.22813e-05
1.34564e+02  9.16087e-05  9.16087e-05
1.34973e+02  9.09296e-05  9.09296e-05
1.35382e+02  9.02805e-05  9.02805e-05
1.35793e+02  8.96104e-05  8.96104e-05
1.36205e+02  8.89360e-05  8.89360e-05
1.36618e+02  8.82860e-05  8.82860e-05
1.37032e+02  8.76277e-05  8.76277e-05
1.37447e+02  8.69767e-05  8.69767e-05
1.37863e+02  8.63423e-05  8.63423e-05
1.38280e+02  8.56781e-05  8.56781e-05
1.38698e+02  8.50451e-05  8.50451e-05
1.39118e+02  8.44141e-05  8.44141e-05
1.39539e+02  8.37646e-05  8.37646e-05
1.39960e+02  8.31439e-05  8.31439e-05
1.40383e+02  8.25196e-05  8.25196e-05
1.40807e+02  8.18737e-05  8.18737e-05
1.41232e+02  8.12665e-05  8.12665e-05
1.41658e+02  8.06404e-05  8.06404e-05
1.42086e+02  8.00223e-05  8.00223e-05
1.42514e+02  7.94288e-05  7.94288e-05
1.42944e+02  7.87989e-05  7.87989e-05
1.43375e+02  7.82000e-05  7.82000e-05
1.43807e+02  7.76004e-05  7.76004e-05
1.44240e+02  7.69836e-05  7.69836e-05
1.44674e+02  7.64028e-05  7.64028e-05
1.45109e+02  7.58006e-05  7.58006e-05
1.45546e+02  7.52132e-05  7.52132e-05
1.45984e+02  7.46452e-05  7.46452e-05
1.46423e+02  7.40299e-05  7.40299e-05
1.46863e+02  7.34583e-05  7.34583e-05
1.47304e+02  7.28863e-05  7.28863e-05
1.47746e+02  7.23018e-05  7.23018e-05
1.48190e+02  7.17537e-05  7.17537e-05
1.48635e+02  7.11641e-05  7.11641e-05
1.49081e+02  7.05927e-05  7.05927e-05
1.49528e+02  7.00466e-05  7.00466e-05
1.49976e+02  6.94725e-05  6.94725e-05
1.50426e+02  6.89320e-05  6.89320e-05
1.50876e+02  6.83808e-05  6.83808e-05
1.51328e+02  6.78164e-05  6.78164e-05
1.51782e+02  6.72821e-05  6.72821e-05
1.52236e+02  6.67306e-05  6.67306e-05
1.52691e+02  6.61923e-05  6.61923e-05
1.53148e+02  6.56660e-05  6.56660e-05
1.53606e+02  6.51110e-05  6.51110e-05
1.54065e+02  6.45994e-05  6.45994e-05
1.54526e+02  6.40677e-05  6.40677e-05
1.54987e+02  6.35374e-05  6.35374e-05
1.55450e+02  6.30287e-05  6.30287e-05
1.55914e+02  6.24939e-05  6.24939e-05
1.56380e+02  6.19916e-05  6.19916e-05
1.56846e+02  6.14775e-05  6.14775e-05
1.57314e+02  6.09676e-05  6.09676e-05
1.57783e+02  6.04674e-05  6.04674e-05
1.58254e+02  5.99518e-05  5.99518e-05
1.58725e+02  5.94617e-05  5.94617e-05
1.59198e+02  5.89617e-05  5.89617e-05
1.59672e+02  5.84684e-05  5.84684e-05
1.60147e+02  5.79801e-05  5.79801e-05
1.60624e+02  5.74918e-05  5.74918e-05
1.61102e+02  5.70177e-05  5.70177e-05
1.61581e+02  5.65337e-05  5.65337e-05
1.62062e+02  5.60517e-05  5.60517e-05
1.62543e+02  5.55796e-05  5.55796e-05
1.63026e+02  5.51058e-05  5.51058e-05
1.63511e+02  5.46462e-05  5.46462e-05
1.63996e+02  5.41769e-05  5.41769e-05
1.64483e+02  5.37106e-05  5.37106e-05
1.64971e+02  5.32508e-05  5.32508e-05
1.65461e+02  5.27946e-05  5.27946e-05
1.65952e+02  5.23530e-05  5.23530e-05
1.66444e+02  5.18988e-05  5.18988e-05
1.66937e+02  5.14492e-05  5.14492e-05
1.67432e+02  5.10063e-05  5.10063e-05
1.67928e+02  5.05630e-05  5.05630e-05
1.68425e+02  5.01345e-05  5.01345e-05
1.68924e+02  4.96994e-05  4.96994e-05
1.69424e+02  4.92628e-05  4.92628e-05
1.69925e+02  4.88393e-05  4.88393e-05
1.70428e+02  4.84058e-05  4.84058e-05
1.70932e+02  4.79916e-05  4.79916e-05
1.71437e+02  4.75761e-05  4.75761e-05
1.71944e+02  4.71575e-05  4.71575e-05
1.72452e+02  4.67419e-05  4.67419e-05
1.72961e+02  4.63284e-05  4.63284e-05
1.73472e+02  4.59258e-05  4.59258e-05
1.73984e+02  4.55263e-05  4.55263e-05
1.74498e+02  4.51239e-05  4.51239e-05
1.75013e+02  4.47235e-05  4.47235e-05
1.75529e+02  4.43232e-05  4.43232e-05
1.76046e+02  4.39348e-05  4.39348e-05
1.76565e+02  4.35546e-05  4.35546e-05
1.77086e+02  4.31701e-05  4.31701e-05
1.77608e+02  4.27807e-05  4.27807e-05
1.78131e+02  4.23963e-05  4.23963e-05
1.78655e+02  4.20202e-05  4.20202e-05
1.79181e+02  4.16507e-05  4.16507e-05
1.79709e+02  4.12792e-05  4.12792e-05
1.80237e+02  4.09065e-05  4.09065e-05
1.80767e+02  4.05443e-05  4.05443e-05
1.81299e+02  4.01815e-05  4.01815e-05
1.81832e+02  3.98272e-05  3.98272e-05
1.82366e+02  3.94640e-05  3.94640e-05
1.82902e+02  3.91134e-05  3.91134e-05
1.83439e+02  3.87601e-05  3.87601e-05
1.83978e+02  3.84133e-05  3.84133e-05
1.84518e+02  3.80659e-05  3.80659e-05
1.85060e+02  3.77210e-05  3.77210e-05
1.85603e+02  3.73882e-05  3.73882e-05
1.86147e+02  3.70475e-05  3.70475e-05
1.86693e+02  3.67170e-05  3.67170e-05
1.87240e+02  3.63827e-05  3.63827e-05
1.87789e+02  3.60584e-05  3.60584e-05
1.88339e+02  3.57318e-05  3.57318e-05
1.88891e+02  3.54039e-05  3.54039e-05
1.89444e+02  3.50815e-05  3.50815e-05
1.89999e+02  3.47685e-05  3.47685e-05
1.90555e+02  3.44538e-05  3.44538e-05
1.91113e+02  3.41440e-05  3.41440e-05
1.91672e+02  3.38294e-05  3.38294e-05
1.92233e+02  3.35271e-05  3.35271e-05
1.92795e+02  3.32249e-05  3.32249e-05
1.93358e+02  3.29204e-05  3.29204e-05
1.93923e+02  3.26207e-05  3.26207e-05
1.94490e+02  3.23243e-05  3.23243e-05
1.95058e+02  3.20324e-05  3.20324e-05
1.95628e+02  3.17428e-05  3.17428e-05
1.96199e+02  3.14517e-05  3.14517e-05
1.96772e+02  3.11663e-05  3.11662e-05
1.97346e+02  3.08842e-05  3.08842e-05
1.97921e+02  3.06060e-05  3.06059e-05
1.98499e+02  3.03252e-05  3.03252e-05
1.99078e+02  3.00466e-05  3.00466e-05
1.99658e+02  2.97766e-05  2.97766e-05
2.00240e+02  2.95044e-05  2.95044e-05
2.00823e+02  2.92374e-05  2.92373e-05
2.01408e+02  2.89693e-05  2.89693e-05
2.01995e+02  2.87073e-05  2.87073e-05
2.02583e+02  2.84503e-05  2.84503e-05
2.03172e+02  2.81900e-05  2.81899e-05
2.03764e+02  2.79303e-05  2.79303e-05
2.04357e+02  2.76763e-05  2.76763e-05
2.04951e+02  2.74284e-05  2.74284e-05
2.05547e+02  2.71806e-05  2.71805e-05
2.06145e+02  2.69305e-05  2.69305e-05
2.06744e+02  2.66863e-05  2.66862e-05
2.07344e+02  2.64435e-05  2.64434e-05
2.07947e+02  2.62049e-05  2.62048e-05
2.08551e+02  2.59702e-05  2.59702e-05
2.09156e+02  2.57326e-05  2.57326e-05
2.09764e+02  2.54962e-05  2.54961e-05
2.10372e+02  2.52669e-05  2.52668e-05
2.10983e+02  2.50403e-05  2.50402e-05
2.11595e+02  2.48156e-05  2.48156e-05
2.12208e+02  2.45870e-05  2.45869e-05
2.12824e+02  2.43645e-05  2.43644e-05
2.13441e+02  2.41469e-05  2.41468e-05
2.14059e+02  2.39304e-05  2.39303e-05
2.14680e+02  2.37148e-05  2.37147e-05
2.15302e+02  2.34958e-05  2.34957e-05
2.15925e+02  2.32866e-05  2.32865e-05
2.16550e+02  2.30780e-05  2.30779e-05
2.17177e+02  2.28706e-05  2.28705e-05
2.17806e+02  2.26633e-05  2.26632e-05
2.18436e+02  2.24599e-05  2.24598e-05
2.19068e+02  2.22603e-05  2.22602e-05
2.19701e+02  2.20616e-05  2.20615e-05
2.20337e+02  2.18621e-05  2.18620e-05
2.20974e+02  2.16643e-05  2.16641e-05
2.21612e+02  2.14737e-05  2.14736e-05
2.22253e+02  2.12812e-05  2.12810e-05
2.22895e+02  2.10886e-05  2.10884e-05
2.23539e+02  2.09034e-05  2.09032e-05
2.24184e+02  2.07182e-05  2.07180e-05
2.24831e+02  2.05323e-05  2.05321e-05
2.25480e+02  2.03495e-05  2.03492e-05
2.26131e+02  2.01700e-05  2.01697e-05
2.26783e+02  1.99897e-05  1.99894e-05
2.27437e+02  1.98109e-05  1.98106e-05
2.28093e+02  1.96383e-05  1.96380e-05
2.28751e+02  1.94624e-05  1.94621e-05
2.29410e+02  1.92939e-05  1.92936e-05
2.30072e+02  1.91230e-05  1.91226e-05
2.30734e+02  1.89529e-05  1.89525e-05
2.31399e+02  1.87870e-05  1.87866e-05
2.32066e+02  1.86198e-05  1.86193e-05
2.32734e+02  1.84560e-05  1.84555e-05
2.33404e+02  1.82943e-05  1.82938e-05
2.34076e+02  1.81377e-05  1.81372e-05
2.34749e+02  1.79768e-05  1.79762e-05
2.35424e+02  1.78180e-05  1.78174e-05
2.36102e+02  1.76664e-05  1.76657e-05
2.36781e+02  1.75114e-05  1.75107e-05
2.37461e+02  1.73573e-05  1.73565e-05
2.38144e+02  1.72070e-05  1.72062e-05
2.38828e+02  1.70565e-05  1.70556e-05
2.39515e+02  1.69114e-05  1.69104e-05
2.40203e+02  1.67659e-05  1.67648e-05
2.40893e+02  1.66182e-05  1.66170e-05
2.41584e+02  1.64753e-05  1.64740e-05
2.42278e+02  1.63349e-05  1.63335e-05
2.42973e+02  1.61943e-05  1.61928e-05
2.43671e+02  1.60562e-05  1.60544e-05
2.44370e+02  1.59158e-05  1.59139e-05
2.45071e+02  1.57807e-05  1.57786e-05
2.45774e+02  1.56469e-05  1.56445e-05
2.46478e+02  1.55118e-05  1.55092e-05
2.47185e+02  1.53796e-05  1.53767e-05
2.47893e+02  1.52513e-05  1.52481e-05
2.48604e+02  1.51221e-05  1.51185e-05
2.49316e+02  1.49925e-05  1.49885e-05
2.50030e+02  1.48670e-05  1.48626e-05
2.50746e+02  1.47428e-05  1.47380e-05
2.51464e+02  1.46158e-05  1.46106e-05
2.52184e+02  1.44927e-05  1.44870e-05
2.52906e+02  1.43720e-05  1.43658e-05
2.53630e+02  1.42527e-05  1.42460e-05
2.54355e+02  1.41349e-05  1.41277e-05
2.55083e+02  1.40151e-05  1.40074e-05
2.55812e+02  1.39002e-05  1.38919e-05
2.56544e+02  1.37842e-05  1.37753e-05
2.57277e+02  1.36673e-05  1.36579e-05
2.58013e+02  1.35562e-05  1.35463e-05
2.58750e+02  1.34441e-05  1.34335e-05
2.59489e+02  1.33326e-05  1.33215e-05
2.60231e+02  1.32231e-05  1.32114e-05
2.60974e+02  1.31145e-05  1.31022e-05
2.61719e+02  1.30082e-05  1.29953e-05
2.62466e+02  1.29005e-05  1.28871e-05
2.63216e+02  1.27943e-05  1.27804e-05
2.63967e+02  1.26896e-05  1.26751e-05
2.64720e+02  1.25874e-05  1.25724e-05
2.65475e+02  1.24856e-05  1.24702e-05
2.66232e+02  1.23823e-05  1.23663e-05
2.66992e+02  1.22828e-05  1.22664e-05
2.67753e+02  1.21841e-05  1.21672e-05
2.68516e+02  1.20853e-05  1.20680e-05
2.69281e+02  1.19882e-05  1.19706e-05
2.70049e+02  1.18906e-05  1.18727e-05
2.70818e+02  1.17962e-05  1.17781e-05
2.71590e+02  1.17016e-05  1.16832e-05
2.72363e+02  1.16046e-05  1.15861e-05
2.73139e+02  1.15127e-05  1.14941e-05
2.73916e+02  1.14218e-05  1.14032e-05
2.74696e+02  1.13292e-05  1.13106e-05
2.75478e+02  1.12407e-05  1.12223e-05
2.76262e+02  1.11504e-05  1.11321e-05
2.77048e+02  1.10599e-05  1.10418e-05
2.77836e+02  1.09733e-05  1.09554e-05
2.78626e+02  1.08854e-05  1.08677e-05
2.79418e+02  1.07981e-05  1.07805e-05
2.80213e+02  1.07138e-05  1.06963e-05
2.81009e+02  1.06305e-05  1.06131e-05
2.81808e+02  1.05463e-05  1.05291e-05
2.82608e+02  1.04639e-05  1.04468e-05
2.83411e+02  1.03809e-05  1.03639e-05
2.84216e+02  1.02997e-05  1.02829e-05
2.85023e+02  1.02191e-05  1.02023e-05
2.85833e+02  1.01385e-05  1.01219e-05
2.86644e+02  1.00602e-05  1.00437e-05
2.87458e+02  9.98222e-06  9.96578e-06
2.88273e+02  9.90505e-06  9.88869e-06
2.89091e+02  9.82901e-06  9.81274e-06
2.89912e+02  9.75184e-06  9.73565e-06
2.90734e+02  9.67766e-06  9.66155e-06
2.91558e+02  9.60185e-06  9.58583e-06
2.92385e+02  9.52811e-06  9.51216e-06
2.93214e+02  9.45553e-06  9.43966e-06
2.94045e+02  9.38256e-06  9.36677e-06
2.94878e+02  9.31260e-06  9.29690e-06
2.95714e+02  9.24212e-06  9.22651e-06
2.96552e+02  9.16962e-06  9.15410e-06
2.97392e+02  9.10072e-06  9.08531e-06
2.98234e+02  9.03176e-06  9.01644e-06
2.99078e+02  8.96360e-06  8.94839e-06
2.99925e+02  8.89488e-06  8.87978e-06
3.00774e+02  8.82725e-06  8.81226e-06
3.01625e+02  8.76277e-06  8.74788e-06
3.02479e+02  8.69682e-06  8.68204e-06
3.03335e+02  8.63143e-06  8.61677e-06
3.04193e+02  8.56647e-06  8.55191e-06
3.05053e+02  8.50190e-06  8.48743e-06
3.05916e+02  8.43862e-06  8.42426e-06
3.06781e+02  8.37556e-06  8.36129e-06
3.07648e+02  8.31346e-06  8.29928e-06
3.08518e+02  8.25284e-06  8.23873e-06
3.09389e+02  8.19169e-06  8.17766e-06
3.10264e+02  8.13119e-06  8.11723e-06
3.11140e+02  8.07152e-06  8.05762e-06
3.12019e+02  8.01167e-06  7.99783e-06
3.12900e+02  7.95288e-06  7.93910e-06
3.13784e+02  7.89373e-06  7.88001e-06
3.14670e+02  7.83650e-06  7.82282e-06
3.15558e+02  7.77967e-06  7.76603e-06
3.16449e+02  7.72287e-06  7.70928e-06
3.17342e+02  7.66791e-06  7.65435e-06
3.18237e+02  7.61172e-06  7.59819e-06
3.19135e+02  7.55585e-06  7.54235e-06
3.20035e+02  7.50156e-06  7.48808e-06
3.20938e+02  7.44737e-06  7.43391e-06
3.21843e+02  7.39335e-06  7.37990e-06
3.22750e+02  7.34088e-06  7.32745e-06
3.23660e+02  7.28820e-06  7.27478e-06
3.24572e+02  7.23689e-06  7.22347e-06
3.25487e+02  7.18436e-06  7.17094e-06
3.26404e+02  7.13323e-06  7.11980e-06
3.27323e+02  7.08210e-06  7.06866e-06
3.28245e+02  7.03189e-06  7.01843e-06
3.29170e+02  6.98211e-06  6.96862e-06
3.30097e+02  6.93263e-06  6.91911e-06
3.31026e+02  6.88485e-06  6.87129e-06
3.31958e+02  6.83582e-06  6.82221e-06
3.32892e+02  6.78795e-06  6.77429e-06
3.33829e+02  6.73993e-06  6.72621e-06
3.34768e+02  6.69310e-06  6.67932e-06
3.35710e+02  6.64630e-06  6.63245e-06
3.36654e+02  6.59909e-06  6.58515e-06
3.37601e+02  6.55406e-06  6.54005e-06
3.38551e+02  6.50814e-06  6.49403e-06
3.39502e+02  6.46348e-06  6.44927e-06
3.40457e+02  6.41893e-06  6.40462e-06
3.41414e+02  6.37407e-06  6.35965e-06
3.42373e+02  6.33040e-06  6.31586e-06
3.43335e+02  6.28703e-06  6.27236e-06
3.44300e+02  6.24397e-06  6.22918e-06
3.45267e+02  6.20097e-06  6.18604e-06
3.46237e+02  6.15903e-06  6.14396e-06
3.47209e+02  6.11694e-06  6.10172e-06
3.48184e+02  6.07565e-06  6.06028e-06
3.49162e+02  6.03326e-06  6.01773e-06
3.50142e+02  5.99292e-06  5.97723e-06
3.51125e+02  5.95216e-06  5.93630e-06
3.52110e+02  5.91197e-06  5.89593e-06
3.53098e+02  5.87325e-06  5.85704e-06
3.54089e+02  5.83330e-06  5.81690e-06
3.55082e+02  5.79419e-06  5.77760e-06
3.56078e+02  5.75476e-06  5.73799e-06
3.57077e+02  5.71662e-06  5.69964e-06
3.58078e+02  5.67853e-06  5.66136e-06
3.59082e+02  5.64087e-06  5.62349e-06
3.60088e+02  5.60313e-06  5.58554e-06
3.61098e+02  5.56623e-06  5.54842e-06
3.62110e+02  5.52956e-06  5.51154e-06
3.63124e+02  5.49251e-06  5.47426e-06
3.64142e+02  5.45664e-06  5.43816e-06
3.65162e+02  5.42119e-06  5.40248e-06
3.66184e+02  5.38533e-06  5.36638e-06
3.67210e+02  5.35016e-06  5.33097e-06
3.68238e+02  5.31474e-06  5.29530e-06
3.69269e+02  5.28048e-06  5.26079e-06
3.70303e+02  5.24543e-06  5.22549e-06
3.71339e+02  5.21196e-06  5.19176e-06
3.72379e+02  5.17817e-06  5.15771e-06
3.73421e+02  5.14476e-06  5.12403e-06
3.74465e+02  5.11120e-06  5.09019e-06
3.75513e+02  5.07776e-06  5.05647e-06
3.76563e+02  5.04589e-06  5.02432e-06
3.77616e+02  5.01327e-06  4.99142e-06
3.78672e+02  4.98121e-06  4.95907e-06
3.79731e+02  4.94916e-06  4.92673e-06
3.80793e+02  4.91807e-06  4.89533e-06
3.81857e+02  4.88678e-06  4.86374e-06
3.82924e+02  4.85514e-06  4.83179e-06
3.83995e+02  4.82435e-06  4.80069e-06
3.85067e+02  4.79407e-06  4.77009e-06
3.86143e+02  4.76341e-06  4.73909e-06
3.87222e+02  4.73367e-06  4.70903e-06
3.88304e+02  4.70400e-06  4.67902e-06
3.89388e+02  4.67442e-06  4.64910e-06
3.90475e+02  4.64486e-06  4.61920e-06
3.91565e+02  4.61609e-06  4.59007e-06
3.92659e+02  4.58732e-06  4.56095e-06
3.93755e+02  4.55838e-06  4.53165e-06
3.94854e+02  4.53036e-06  4.50326e-06
3.95955e+02  4.50210e-06  4.47463e-06
3.97060e+02  4.47424e-06  4.44639e-06
3.98168e+02  4.44603e-06  4.41779e-06
3.99279e+02  4.41888e-06  4.39025e-06
4.00392e+02  4.39215e-06  4.36313e-06
4.01509e+02  4.36552e-06  4.33609e-06
4.02629e+02  4.33823e-06  4.30839e-06
4.03751e+02  4.31167e-06  4.28141e-06
4.04877e+02  4.28541e-06  4.25473e-06
4.06005e+02  4.25954e-06  4.22843e-06
4.07137e+02  4.23334e-06  4.20179e-06
4.08272e+02  4.20786e-06  4.17587e-06
4.09409e+02  4.18241e-06  4.14997e-06
4.10550e+02  4.15678e-06  4.12388e-06
4.11694e+02  4.13164e-06  4.09828e-06
4.12840e+02  4.10709e-06  4.07325e-06
4.13990e+02  4.08241e-06  4.04808e-06
4.15143e+02  4.05830e-06  4.02349e-06
4.16299e+02  4.03414e-06  3.99883e-06
4.17458e+02  4.01011e-06  3.97430e-06
4.18620e+02  3.98602e-06  3.94969e-06
4.19785e+02  3.96222e-06  3.92536e-06
4.20953e+02  3.93887e-06  3.90149e-06
4.22125e+02  3.91540e-06  3.87747e-06
4.23299e+02  3.89258e-06  3.85409e-06
4.24477e+02  3.86971e-06  3.83066e-06
4.25658e+02  3.84676e-06  3.80714e-06
4.26842e+02  3.82444e-06  3.78423e-06
4.28029e+02  3.80267e-06  3.76186e-06
4.29219e+02  3.78047e-06  3.73906e-06
4.30413e+02  3.75801e-06  3.71598e-06
4.31609e+02  3.73639e-06  3.69373e-06
4.32809e+02  3.71489e-06  3.67160e-06
4.34012e+02  3.69274e-06  3.64880e-06
4.35218e+02  3.67161e-06  3.62700e-06
4.36428e+02  3.65106e-06  3.60577e-06
4.37640e+02  3.63038e-06  3.58440e-06
4.38856e+02  3.60938e-06  3.56270e-06
4.40075e+02  3.58899e-06  3.54159e-06
4.41297e+02  3.56872e-06  3.52060e-06
4.42523e+02  3.54864e-06  3.49978e-06
4.43752e+02  3.52826e-06  3.47865e-06
4.44984e+02  3.50823e-06  3.45785e-06
4.46220e+02  3.48848e-06  3.43732e-06
4.47458e+02  3.46898e-06  3.41703e-06
4.48700e+02  3.44927e-06  3.39650e-06
4.49946e+02  3.43081e-06  3.37723e-06
4.51194e+02  3.41149e-06  3.35707e-06
4.52446e+02  3.39257e-06  3.33730e-06
4.53701e+02  3.37396e-06  3.31782e-06
4.54960e+02  3.35543e-06  3.29841e-06
4.56222e+02  3.33698e-06  3.27907e-06
4.57487e+02  3.31873e-06  3.25991e-06
4.58756e+02  3.30027e-06  3.24053e-06
4.60028e+02  3.28237e-06  3.22169e-06
4.61304e+02  3.26460e-06  3.20297e-06
4.62583e+02  3.24681e-06  3.18422e-06
4.63865e+02  3.22954e-06  3.16597e-06
4.65151e+02  3.21225e-06  3.14769e-06
4.66440e+02  3.19486e-06  3.12930e-06
4.67733e+02  3.17787e-06  3.11128e-06
4.69029e+02  3.16121e-06  3.09359e-06
4.70328e+02  3.14414e-06  3.07547e-06
4.71631e+02  3.12722e-06  3.05749e-06
4.72937e+02  3.11074e-06  3.03993e-06
4.74247e+02  3.09463e-06  3.02273e-06
4.75561e+02  3.07831e-06  3.00529e-06
4.76878e+02  3.06184e-06  2.98770e-06
4.78198e+02  3.04619e-06  2.97090e-06
4.79522e+02  3.03073e-06  2.95428e-06
4.80849e+02  3.01457e-06  2.93693e-06
4.82180e+02  2.99921e-06  2.92037e-06
4.83515e+02  2.98381e-06  2.90374e-06
4.84853e+02  2.96867e-06  2.88734e-06
4.86194e+02  2.95345e-06  2.87082e-06
4.87540e+02  2.93835e-06  2.85436e-06
4.88888e+02  2.92352e-06  2.83811e-06
4.90241e+02  2.90911e-06  2.82221e-06
4.91597e+02  2.89482e-06  2.80637e-06
4.92956e+02  2.88026e-06  2.79020e-06
4.94320e+02  2.86649e-06  2.77479e-06
4.95686e+02  2.85257e-06  2.75918e-06
4.97057e+02  2.83874e-06  2.74362e-06
4.98431e+02  2.82504e-06  2.72818e-06
4.99809e+02  2.81161e-06  2.71299e-06
5.01190e+02  2.79799e-06  2.69761e-06
5.02576e+02  2.78462e-06  2.68247e-06
5.03964e+02  2.77148e-06  2.66758e-06
5.05357e+02  2.75845e-06  2.65281e-06
5.06753e+02  2.74514e-06  2.63779e-06
5.08153e+02  2.73223e-06  2.62319e-06
5.09557e+02  2.71962e-06  2.60890e-06
5.10964e+02  2.70655e-06  2.59417e-06
5.12376e+02  2.69358e-06  2.57956e-06
5.13790e+02  2.68123e-06  2.56558e-06
5.15209e+02  2.66855e-06  2.55129e-06
5.16632e+02  2.65585e-06  2.53698e-06
5.18058e+02  2.64345e-06  2.52300e-06
5.19488e+02  2.63141e-06  2.50938e-06
5.20922e+02  2.61906e-06  2.49546e-06
5.22360e+02  2.60676e-06  2.48160e-06
5.23801e+02  2.59470e-06  2.46798e-06
5.25247e+02  2.58277e-06  2.45451e-06
5.26696e+02  2.57077e-06  2.44096e-06
5.28149e+02  2.55901e-06  2.42763e-06
5.29606e+02  2.54731e-06  2.41437e-06
5.31067e+02  2.53558e-06  2.40106e-06
5.32532e+02  2.52403e-06  2.38794e-06
5.34000e+02  2.51274e-06  2.37505e-06
5.35473e+02  2.50153e-06  2.36224e-06
5.36949e+02  2.49014e-06  2.34925e-06
5.38430e+02  2.47902e-06  2.33651e-06
5.39914e+02  2.46789e-06  2.32375e-06
5.41402e+02  2.45682e-06  2.31107e-06
5.42895e+02  2.44614e-06  2.29875e-06
5.44391e+02  2.43537e-06  2.28633e-06
5.45891e+02  2.42464e-06  2.27394e-06
5.47395e+02  2.41394e-06  2.26158e-06
5.48904e+02  2.40344e-06  2.24938e-06
5.50416e+02  2.39311e-06  2.23735e-06
5.51932e+02  2.38258e-06  2.22510e-06
5.53452e+02  2.37238e-06  2.21316e-06
5.54977e+02  2.36256e-06  2.20158e-06
5.56505e+02  2.35228e-06  2.18952e-06
5.58038e+02  2.34243e-06  2.17786e-06
5.59574e+02  2.33271e-06  2.16632e-06
5.61115e+02  2.32289e-06  2.15466e-06
5.62660e+02  2.31310e-06  2.14299e-06
5.64209e+02  2.30371e-06  2.13170e-06
5.65762e+02  2.29434e-06  2.12042e-06
5.67319e+02  2.28475e-06  2.10887e-06
5.68880e+02  2.27575e-06  2.09790e-06
5.70446e+02  2.26661e-06  2.08678e-06
5.72015e+02  2.25726e-06  2.07541e-06
5.73589e+02  2.24839e-06  2.06450e-06
5.75167e+02  2.23963e-06  2.05367e-06
5.76750e+02  2.23071e-06  2.04266e-06
5.78336e+02  2.22205e-06  2.03188e-06
5.79927e+02  2.21352e-06  2.02122e-06
5.81522e+02  2.20489e-06  2.01043e-06
5.83121e+02  2.19647e-06  1.99982e-06
5.84724e+02  2.18832e-06  1.98946e-06
5.86332e+02  2.17999e-06  1.97890e-06
5.87944e+02  2.17168e-06  1.96834e-06
5.89560e+02  2.16390e-06  1.95827e-06
5.91181e+02  2.15576e-06  1.94784e-06
5.92806e+02  2.14800e-06  1.93774e-06
5.94435e+02  2.14027e-06  1.92768e-06
5.96068e+02  2.13248e-06  1.91752e-06
5.97706e+02  2.12476e-06  1.90743e-06
5.99348e+02  2.11720e-06  1.89746e-06
6.00995e+02  2.10974e-06  1.88758e-06
6.02646e+02  2.10232e-06  1.87771e-06
6.04302e+02  2.09512e-06  1.86806e-06
6.05961e+02  2.08770e-06  1.85818e-06
6.07626e+02  2.08059e-06  1.84858e-06
6.09294e+02  2.07351e-06  1.83900e-06
6.10968e+02  2.06644e-06  1.82938e-06
6.12645e+02  2.05963e-06  1.82002e-06
6.14327e+02  2.05265e-06  1.81049e-06
6.16014e+02  2.04589e-06  1.80115e-06
6.17705e+02  2.03925e-06  1.79192e-06
6.19400e+02  2.03255e-06  1.78259e-06
6.21100e+02  2.02603e-06  1.77343e-06
6.22805e+02  2.01945e-06  1.76418e-06
6.24514e+02  2.01313e-06  1.75520e-06
6.26228e+02  2.00668e-06  1.74608e-06
6.27946e+02  2.00041e-06  1.73711e-06
6.29669e+02  1.99424e-06  1.72822e-06
6.31396e+02  1.98818e-06  1.71943e-06
6.33128e+02  1.98199e-06  1.71049e-06
6.34865e+02  1.97608e-06  1.70182e-06
6.36606e+02  1.97017e-06  1.69313e-06
6.38352e+02  1.96408e-06  1.68424e-06
6.40103e+02  1.95851e-06  1.67587e-06
6.41858e+02  1.95267e-06  1.66720e-06
6.43618e+02  1.94699e-06  1.65868e-06
6.45382e+02  1.94149e-06  1.65033e-06
6.47152e+02  1.93583e-06  1.64179e-06
6.48926e+02  1.93054e-06  1.63361e-06
6.50704e+02  1.92509e-06  1.62526e-06
6.52488e+02  1.91976e-06  1.61702e-06
6.54276e+02  1.91450e-06  1.60884e-06
6.56069e+02  1.90928e-06  1.60068e-06
6.57867e+02  1.90398e-06  1.59242e-06
6.59669e+02  1.89900e-06  1.58448e-06
6.61477e+02  1.89385e-06  1.57634e-06
6.63289e+02  1.88893e-06  1.56844e-06
6.65106e+02  1.88407e-06  1.56057e-06
6.66928e+02  1.87921e-06  1.55271e-06
6.68754e+02  1.87436e-06  1.54485e-06
6.70586e+02  1.86955e-06  1.53703e-06
6.72422e+02  1.86493e-06  1.52938e-06
6.74264e+02  1.86021e-06  1.52164e-06
6.76110e+02  1.85558e-06  1.51398e-06
6.77961e+02  1.85099e-06  1.50634e-06
6.79817e+02  1.84640e-06  1.49871e-06
6.81678e+02  1.84199e-06  1.49126e-06
6.83544e+02  1.83763e-06  1.48384e-06
6.85415e+02  1.83322e-06  1.47640e-06
6.87291e+02  1.82884e-06  1.46896e-06
6.89172e+02  1.82464e-06  1.46170e-06
6.91058e+02  1.82029e-06  1.45428e-06
6.92949e+02  1.81611e-06  1.44704e-06
6.94845e+02  1.81198e-06  1.43983e-06
6.96746e+02  1.80786e-06  1.43265e-06
6.98652e+02  1.80382e-06  1.42554e-06
7.00563e+02  1.79990e-06  1.41855e-06
7.02479e+02  1.79586e-06  1.41144e-06
7.04401e+02  1.79186e-06  1.40439e-06
7.06327e+02  1.78789e-06  1.39737e-06
7.08259e+02  1.78396e-06  1.39041e-06
7.10195e+02  1.78022e-06  1.38366e-06
7.12137e+02  1.77630e-06  1.37673e-06
7.14085e+02  1.77260e-06  1.37005e-06
7.16037e+02  1.76861e-06  1.36309e-06
7.17994e+02  1.76494e-06  1.35645e-06
7.19957e+02  1.76113e-06  1.34969e-06
7.21925e+02  1.75741e-06  1.34303e-06
7.23898e+02  1.75374e-06  1.33642e-06
7.25877e+02  1.75009e-06  1.32983e-06
7.27860e+02  1.74654e-06  1.32336e-06
7.29849e+02  1.74291e-06  1.31677e-06
7.31844e+02  1.73935e-06  1.31025e-06
7.33843e+02  1.73590e-06  1.30382e-06
7.35848e+02  1.73255e-06  1.29747e-06
7.37858e+02  1.72915e-06  1.29105e-06
7.39874e+02  1.72593e-06  1.28478e-06
7.41895e+02  1.72258e-06  1.27839e-06
7.43921e+02  1.71943e-06  1.27216e-06
7.45953e+02  1.71629e-06  1.26593e-06
7.47990e+02  1.71321e-06  1.25974e-06
7.50033e+02  1.71014e-06  1.25356e-06
7.52081e+02  1.70719e-06  1.24746e-06
7.54135e+02  1.70421e-06  1.24132e-06
7.56194e+02  1.70137e-06  1.23529e-06
7.58258e+02  1.69857e-06  1.22929e-06
7.60328e+02  1.69571e-06  1.22322e-06
7.62404e+02  1.69298e-06  1.21727e-06
7.64485e+02  1.69034e-06  1.21136e-06
7.66571e+02  1.68771e-06  1.20547e-06
7.68663e+02  1.68520e-06  1.19968e-06
7.70761e+02  1.68263e-06  1.19381e-06
7.72864e+02  1.68021e-06  1.18807e-06
7.74973e+02  1.67776e-06  1.18230e-06
7.77088e+02  1.67537e-06  1.17656e-06
7.79208e+02  1.67293e-06  1.17076e-06
7.81334e+02  1.67067e-06  1.16511e-06
7.83465e+02  1.66843e-06  1.15946e-06
7.85602e+02  1.66635e-06  1.15394e-06
7.87745e+02  1.66418e-06  1.14829e-06
7.89894e+02  1.66221e-06  1.14282e-06
7.92048e+02  1.66025e-06  1.13732e-06
7.94208e+02  1.65833e-06  1.13180e-06
7.96374e+02  1.65649e-06  1.12636e-06
7.98545e+02  1.65457e-06  1.12083e-06
8.00722e+02  1.65298e-06  1.11556e-06
8.02905e+02  1.65125e-06  1.11011e-06
8.05094e+02  1.64973e-06  1.10484e-06
8.07289e+02  1.64811e-06  1.09947e-06
8.09490e+02  1.64668e-06  1.09426e-06
8.11696e+02  1.64520e-06  1.08898e-06
8.13909e+02  1.64384e-06  1.08380e-06
8.16127e+02  1.64237e-06  1.07853e-06
8.18351e+02  1.64102e-06  1.07337e-06
8.20581e+02  1.63968e-06  1.06821e-06
8.22817e+02  1.63845e-06  1.06318e-06
8.25059e+02  1.63713e-06  1.05805e-06
8.27307e+02  1.63586e-06  1.05300e-06
8.29561e+02  1.63457e-06  1.04796e-06
8.31821e+02  1.63332e-06  1.04299e-06
8.34087e+02  1.63205e-06  1.03799e-06
8.36359e+02  1.63075e-06  1.03303e-06
8.38637e+02  1.62945e-06  1.02813e-06
8.40921e+02  1.62819e-06  1.02330e-06
8.43211e+02  1.62679e-06  1.01838e-06
8.45507e+02  1.62539e-06  1.01354e-06
8.47810e+02  1.62400e-06  1.00876e-06
8.50118e+02  1.62257e-06  1.00402e-06
8.52433e+02  1.62108e-06  9.99262e-07
8.54754e+02  1.61947e-06  9.94482e-07
8.57081e+02  1.61776e-06  9.89691e-07
8.59414e+02  1.61620e-06  9.85071e-07
8.61753e+02  1.61451e-06  9.80438e-07
8.64099e+02  1.61286e-06  9.75847e-07
8.66451e+02  1.61109e-06  9.71229e-07
8.68809e+02  1.60934e-06  9.66596e-07
8.71174e+02  1.60763e-06  9.62108e-07
8.73545e+02  1.60577e-06  9.57468e-07
8.75922e+02  1.60403e-06  9.53099e-07
8.78305e+02  1.60207e-06  9.48529e-07
8.80695e+02  1.60021e-06  9.44168e-07
8.83091e+02  1.59810e-06  9.39644e-07
8.85493e+02  1.59612e-06  9.35293e-07
8.87902e+02  1.59398e-06  9.30914e-07
8.90318e+02  1.59184e-06  9.26568e-07
8.92740e+02  1.58963e-06  9.22205e-07
8.95168e+02  1.58739e-06  9.17878e-07
8.97602e+02  1.58521e-06  9.13672e-07
9.00044e+02  1.58284e-06  9.09361e-07
9.02491e+02  1.58052e-06  9.05127e-07
9.04946e+02  1.57823e-06  9.00931e-07
9.07406e+02  1.57594e-06  8.96827e-07
9.09874e+02  1.57354e-06  8.92586e-07
9.12347e+02  1.57108e-06  8.88408e-07
9.14828e+02  1.56873e-06  8.84306e-07
9.17315e+02  1.56638e-06  8.80270e-07
9.19809e+02  1.56395e-06  8.76206e-07
9.22309e+02  1.56153e-06  8.72136e-07
9.24816e+02  1.55918e-06  8.68176e-07
9.27330e+02  1.55677e-06  8.64189e-07
9.29850e+02  1.55429e-06  8.60177e-07
9.32377e+02  1.55182e-06  8.56213e-07
9.34911e+02  1.54939e-06  8.52299e-07
9.37452e+02  1.54699e-06  8.48483e-07
9.39999e+02  1.54443e-06  8.44538e-07
9.42553e+02  1.54196e-06  8.40682e-07
9.45114e+02  1.53949e-06  8.36846e-07
9.47682e+02  1.53698e-06  8.33028e-07
9.50256e+02  1.53458e-06  8.29301e-07
9.52838e+02  1.53205e-06  8.25503e-07
9.55426e+02  1.52957e-06  8.21737e-07
9.58021e+02  1.52711e-06  8.18019e-07
9.60624e+02  1.52462e-06  8.14290e-07
9.63233e+02  1.52223e-06  8.10673e-07
9.65849e+02  1.51980e-06  8.07006e-07
9.68472e+02  1.51740e-06  8.03358e-07
9.71102e+02  1.51500e-06  7.99742e-07
9.73739e+02  1.51253e-06  7.96090e-07
9.76383e+02  1.51026e-06  7.92540e-07
9.79034e+02  1.50788e-06  7.88985e-07
9.81692e+02  1.50561e-06  7.85465e-07
9.84357e+02  1.50325e-06  7.81897e-07
9.87029e+02  1.50106e-06  7.78452e-07
9.89709e+02  1.49884e-06  7.75002e-07
9.92395e+02  1.49665e-06  7.71570e-07
9.95089e+02  1.49439e-06  7.68021e-07
9.97790e+02  1.49220e-06  7.64580e-07
1.00050e+03  1.49015e-06  7.61260e-07
1.00321e+03  1.48808e-06  7.57886e-07
1.00594e+03  1.48603e-06  7.54512e-07
1.00867e+03  1.48395e-06  7.51163e-07
1.01140e+03  1.48200e-06  7.47860e-07
1.01415e+03  1.48007e-06  7.44557e-07
1.01690e+03  1.47805e-06  7.41223e-07
1.01966e+03  1.47618e-06  7.37976e-07
1.02242e+03  1.47431e-06  7.34766e-07
1.02520e+03  1.47242e-06  7.31521e-07
1.02798e+03  1.47053e-06  7.28267e-07
1.03077e+03  1.46875e-06  7.25116e-07
1.03356e+03  1.46703e-06  7.21943e-07
1.03637e+03  1.46525e-06  7.18793e-07
1.03918e+03  1.46340e-06  7.15585e-07
1.04200e+03  1.46175e-06  7.12527e-07
1.04482e+03  1.46010e-06  7.09485e-07
1.04765e+03  1.45837e-06  7.06320e-07
1.05050e+03  1.45653e-06  7.03170e-07
1.05334e+03  1.45503e-06  7.00220e-07
1.05620e+03  1.45348e-06  6.97254e-07
1.05906e+03  1.45177e-06  6.94183e-07
1.06194e+03  1.45011e-06  6.91103e-07
1.06481e+03  1.44861e-06  6.88242e-07
1.06770e+03  1.44702e-06  6.85320e-07
1.07060e+03  1.44538e-06  6.82248e-07
1.07350e+03  1.44364e-06  6.79190e-07
1.07641e+03  1.44211e-06  6.76278e-07
1.07932e+03  1.44056e-06  6.73340e-07
1.08225e+03  1.43919e-06  6.70630e-07
1.08518e+03  1.43778e-06  6.67844e-07
1.08812e+03  1.43627e-06  6.64976e-07
1.09107e+03  1.43465e-06  6.62041e-07
1.09403e+03  1.43316e-06  6.59242e-07
1.09699e+03  1.43154e-06  6.56239e-07
1.09997e+03  1.43004e-06  6.53434e-07
1.10295e+03  1.42845e-06  6.50590e-07
1.10593e+03  1.42722e-06  6.48010e-07
1.10893e+03  1.42589e-06  6.45452e-07
1.11193e+03  1.42445e-06  6.42674e-07
1.11495e+03  1.42290e-06  6.39884e-07
1.11797e+03  1.42126e-06  6.36973e-07
1.12100e+03  1.41966e-06  6.34166e-07
1.12403e+03  1.41840e-06  6.31648e-07
1.12708e+03  1.41704e-06  6.29019e-07
1.13013e+03  1.41572e-06  6.26480e-07
1.13319e+03  1.41423e-06  6.23805e-07
1.13626e+03  1.41265e-06  6.21051e-07
1.13934e+03  1.41122e-06  6.18457e-07
1.14242e+03  1.40980e-06  6.15880e-07
1.14551e+03  1.40821e-06  6.13199e-07
1.14862e+03  1.40672e-06  6.10582e-07
1.15173e+03  1.40546e-06  6.08198e-07
1.15484e+03  1.40386e-06  6.05544e-07
1.15797e+03  1.40231e-06  6.02962e-07
1.16110e+03  1.40096e-06  6.00499e-07
1.16425e+03  1.39940e-06  5.98001e-07
1.16740e+03  1.39796e-06  5.95541e-07
1.17056e+03  1.39657e-06  5.93140e-07
1.17373e+03  1.39497e-06  5.90590e-07
1.17690e+03  1.39359e-06  5.88226e-07
1.18009e+03  1.39205e-06  5.85763e-07
1.18328e+03  1.39044e-06  5.83247e-07
1.18649e+03  1.38886e-06  5.80785e-07
1.18970e+03  1.38744e-06  5.78507e-07
1.19292e+03  1.38587e-06  5.76085e-07
1.19614e+03  1.38443e-06  5.73804e-07
1.19938e+03  1.38287e-06  5.71432e-07
1.20262e+03  1.38125e-06  5.69034e-07
1.20588e+03  1.37963e-06  5.66626e-07
1.20914e+03  1.37800e-06  5.64285e-07
1.21241e+03  1.37660e-06  5.62135e-07
1.21569e+03  1.37508e-06  5.59852e-07
1.21898e+03  1.37346e-06  5.57526e-07
1.22228e+03  1.37185e-06  5.55251e-07
1.22558e+03  1.37022e-06  5.52917e-07
1.22890e+03  1.36868e-06  5.50671e-07
1.23222e+03  1.36714e-06  5.48522e-07
1.23556e+03  1.36556e-06  5.46269e-07
1.23890e+03  1.36405e-06  5.44054e-07
1.24225e+03  1.36248e-06  5.41889e-07
1.24561e+03  1.36095e-06  5.39640e-07
1.24897e+03  1.35945e-06  5.37503e-07
1.25235e+03  1.35778e-06  5.35308e-07
1.25574e+03  1.35626e-06  5.33150e-07
1.25913e+03  1.35463e-06  5.30967e-07
1.26254e+03  1.35306e-06  5.28853e-07
1.26595e+03  1.35150e-06  5.26701e-07
1.26937e+03  1.35012e-06  5.24574e-07
1.27281e+03  1.34836e-06  5.22491e-07
1.27625e+03  1.34673e-06  5.20361e-07
1.27970e+03  1.34494e-06  5.18279e-07
1.28315e+03  1.34358e-06  5.16179e-07
1.28662e+03  1.34189e-06  5.14099e-07
1.29010e+03  1.34060e-06  5.12056e-07
1.29359e+03  1.33888e-06  5.10008e-07
1.29708e+03  1.33698e-06  5.07988e-07
1.30059e+03  1.33534e-06  5.05951e-07
1.30410e+03  1.33383e-06  5.03949e-07
1.30763e+03  1.33182e-06  5.01892e-07
1.31116e+03  1.33043e-06  4.99911e-07
1.31470e+03  1.32877e-06  4.97920e-07
1.31826e+03  1.32725e-06  4.95945e-07
1.32182e+03  1.32534e-06  4.93990e-07
1.32539e+03  1.32331e-06  4.92029e-07
1.32897e+03  1.32204e-06  4.90034e-07
1.33256e+03  1.32030e-06  4.88089e-07
1.33616e+03  1.31845e-06  4.86108e-07
1.33977e+03  1.31660e-06  4.84162e-07
1.34339e+03  1.31453e-06  4.82268e-07
1.34702e+03  1.31281e-06  4.80297e-07
1.35066e+03  1.31128e-06  4.78319e-07
1.35430e+03  1.30986e-06  4.76387e-07
1.35796e+03  1.30805e-06  4.74461e-07
1.36163e+03  1.30548e-06  4.72495e-07
1.36531e+03  1.30339e-06  4.70578e-07
1.36899e+03  1.30159e-06  4.68656e-07
1.37269e+03  1.30013e-06  4.66689e-07
1.37640e+03  1.29863e-06  4.64767e-07
1.38011e+03  1.29656e-06  4.62865e-07
1.38384e+03  1.29387e-06  4.60914e-07
1.38758e+03  1.29189e-06  4.59005e-07
1.39132e+03  1.28982e-06  4.57027e-07
1.39508e+03  1.28809e-06  4.55127e-07
1.39885e+03  1.28649e-06  4.53240e-07
1.40262e+03  1.28442e-06  4.51327e-07
1.40641e+03  1.28187e-06  4.49392e-07
1.41021e+03  1.27973e-06  4.47516e-07
1.41401e+03  1.27774e-06  4.45600e-07
1.41783e+03  1.27567e-06  4.43706e-07
1.42166e+03  1.27346e-06  4.41826e-07
1.42549e+03  1.27140e-06  4.39936e-07
1.42934e+03  1.26920e-06  4.38073e-07
1.43320e+03  1.26714e-06  4.36199e-07
1.43707e+03  1.26506e-06  4.34340e-07
1.44095e+03  1.26284e-06  4.32479e-07
1.44483e+03  1.26076e-06  4.30631e-07
1.44873e+03  1.25867e-06  4.28784e-07
1.45264e+03  1.25646e-06  4.26976e-07
1.45656e+03  1.25435e-06  4.25146e-07
1.46049e+03  1.25225e-06  4.23315e-07
1.46443e+03  1.24993e-06  4.21499e-07
1.46839e+03  1.24791e-06  4.19694e-07
1.47235e+03  1.24571e-06  4.17884e-07
1.47632e+03  1.24338e-06  4.16084e-07
1.48030e+03  1.24139e-06  4.14313e-07
1.48430e+03  1.23912e-06  4.12517e-07
1.48830e+03  1.23687e-06  4.10752e-07
1.49231e+03  1.23481e-06  4.08975e-07
1.49634e+03  1.23250e-06  4.07224e-07
1.50038e+03  1.23027e-06  4.05459e-07
1.50442e+03  1.22801e-06  4.03700e-07
1.50848e+03  1.22571e-06  4.01928e-07
1.51255e+03  1.22353e-06  4.00222e-07
1.51663e+03  1.22122e-06  3.98512e-07
1.52072e+03  1.21895e-06  3.96749e-07
1.52482e+03  1.21662e-06  3.95022e-07
1.52893e+03  1.21433e-06  3.93303e-07
1.53306e+03  1.21208e-06  3.91584e-07
1.53719e+03  1.20973e-06  3.89914e-07
1.54133e+03  1.20749e-06  3.88231e-07
1.54549e+03  1.20511e-06  3.86496e-07
1.54966e+03  1.20277e-06  3.84812e-07
1.55384e+03  1.20043e-06  3.83147e-07
1.55803e+03  1.19812e-06  3.81486e-07
1.56223e+03  1.19570e-06  3.79805e-07
1.56644e+03  1.19331e-06  3.78159e-07
1.57066e+03  1.19098e-06  3.76514e-07
1.57489e+03  1.18860e-06  3.74859e-07
1.57914e+03  1.18619e-06  3.73242e-07
1.58340e+03  1.18383e-06  3.71606e-07
1.58767e+03  1.18134e-06  3.69982e-07
1.59194e+03  1.17892e-06  3.68364e-07
1.59624e+03  1.17649e-06  3.66743e-07
1.60054e+03  1.17401e-06  3.65100e-07
1.60485e+03  1.17150e-06  3.63511e-07
1.60918e+03  1.16918e-06  3.62032e-07
1.61351e+03  1.16664e-06  3.60432e-07
1.61786e+03  1.16407e-06  3.58861e-07
1.62222e+03  1.16156e-06  3.57226e-07
1.62659e+03  1.15905e-06  3.55690e-07
1.63098e+03  1.15643e-06  3.54169e-07
1.63537e+03  1.15395e-06  3.52595e-07
1.63978e+03  1.15142e-06  3.51098e-07
1.64420e+03  1.14874e-06  3.49546e-07
1.64863e+03  1.14622e-06  3.48012e-07
1.65307e+03  1.14356e-06  3.46484e-07
1.65752e+03  1.14100e-06  3.45028e-07
1.66199e+03  1.13835e-06  3.43445e-07
1.66647e+03  1.13561e-06  3.41931e-07
1.67095e+03  1.13303e-06  3.40495e-07
1.67546e+03  1.13041e-06  3.39032e-07
1.67997e+03  1.12762e-06  3.37477e-07
1.68449e+03  1.12488e-06  3.35962e-07
1.68903e+03  1.12217e-06  3.34452e-07
1.69358e+03  1.11942e-06  3.33030e-07
1.69814e+03  1.11680e-06  3.31671e-07
1.70272e+03  1.11400e-06  3.30170e-07
1.70730e+03  1.11116e-06  3.28679e-07
1.71190e+03  1.10832e-06  3.27175e-07
1.71651e+03  1.10564e-06  3.25860e-07
1.72113e+03  1.10279e-06  3.24395e-07
1.72577e+03  1.09998e-06  3.23013e-07
1.73042e+03  1.09708e-06  3.21540e-07
1.73508e+03  1.09424e-06  3.20172e-07
1.73975e+03  1.09138e-06  3.18754e-07
1.74443e+03  1.08848e-06  3.17327e-07
1.74913e+03  1.08559e-06  3.15971e-07
1.75384e+03  1.08264e-06  3.14490e-07
1.75856e+03  1.07977e-06  3.13197e-07
1.76330e+03  1.07686e-06  3.11834e-07
1.76804e+03  1.07403e-06  3.10512e-07
1.77280e+03  1.07106e-06  3.09145e-07
1.77758e+03  1.06794e-06  3.07646e-07
1.78236e+03  1.06509e-06  3.06327e-07
1.78716e+03  1.06214e-06  3.05077e-07
1.79197e+03  1.05914e-06  3.03726e-07
1.79680e+03  1.05624e-06  3.02371e-07
1.80163e+03  1.05315e-06  3.01029e-07
1.80648e+03  1.05021e-06  2.99734e-07
1.81134e+03  1.04723e-06  2.98421e-07
1.81622e+03  1.04414e-06  2.97081e-07
1.82111e+03  1.04116e-06  2.95780e-07
1.82601e+03  1.03822e-06  2.94579e-07
1.83092e+03  1.03510e-06  2.93243e-07
1.83585e+03  1.03212e-06  2.92001e-07
1.84079e+03  1.02897e-06  2.90650e-07
1.84575e+03  1.02592e-06  2.89427e-07
1.85071e+03  1.02286e-06  2.88109e-07
1.85569e+03  1.01982e-06  2.86931e-07
1.86069e+03  1.01678e-06  2.85670e-07
1.86569e+03  1.01365e-06  2.84394e-07
1.87071e+03  1.01063e-06  2.83232e-07
1.87575e+03  1.00751e-06  2.81956e-07
1.88079e+03  1.00424e-06  2.80583e-07
1.88585e+03  1.00119e-06  2.79448e-07
1.89093e+03  9.98180e-07  2.78348e-07
1.89602e+03  9.95110e-07  2.77167e-07
1.90112e+03  9.91889e-07  2.75906e-07
1.90623e+03  9.88668e-07  2.74592e-07
1.91136e+03  9.85409e-07  2.73289e-07
1.91650e+03  9.82199e-07  2.72168e-07
1.92166e+03  9.79374e-07  2.71366e-07
1.92683e+03  9.76372e-07  2.70037e-07
1.93201e+03  9.72883e-07  2.68704e-07
1.93721e+03  9.69630e-07  2.67495e-07
1.94242e+03  9.65950e-07  2.66373e-07
1.94764e+03  9.63002e-07  2.65378e-07
1.95288e+03  9.60294e-07  2.64176e-07
1.95813e+03  9.56786e-07  2.63003e-07
1.96340e+03  9.53315e-07  2.61881e-07
1.96868e+03  9.49916e-07  2.60792e-07
1.97397e+03  9.46669e-07  2.59676e-07
1.97928e+03  9.43552e-07  2.58593e-07
1.98460e+03  9.40417e-07  2.57498e-07
1.98994e+03  9.36949e-07  2.56411e-07
1.99529e+03  9.33526e-07  2.55322e-07
2.00066e+03  9.30336e-07  2.54257e-07
2.00604e+03  9.27034e-07  2.53194e-07
2.01143e+03  9.23698e-07  2.52147e-07
2.01684e+03  9.20453e-07  2.51090e-07
2.02226e+03  9.17005e-07  2.50037e-07
2.02770e+03  9.13814e-07  2.49007e-07
2.03315e+03  9.10352e-07  2.47967e-07
2.03862e+03  9.07084e-07  2.46949e-07
2.04410e+03  9.03678e-07  2.45930e-07
2.04959e+03  9.00536e-07  2.44911e-07
2.05510e+03  8.97038e-07  2.43899e-07
2.06063e+03  8.93689e-07  2.42897e-07
2.06617e+03  8.90387e-07  2.41896e-07
2.07172e+03  8.86970e-07  2.40891e-07
2.07729e+03  8.83633e-07  2.39920e-07
2.08288e+03  8.80274e-07  2.38929e-07
2.08847e+03  8.77011e-07  2.37965e-07
2.09409e+03  8.73400e-07  2.36983e-07
2.09972e+03  8.70029e-07  2.36013e-07
2.10536e+03  8.66826e-07  2.35052e-07
2.11102e+03  8.63428e-07  2.34107e-07
2.11669e+03  8.60120e-07  2.33129e-07
2.12238e+03  8.56630e-07  2.32167e-07
2.12808e+03  8.53315e-07  2.31258e-07
2.13380e+03  8.49905e-07  2.30344e-07
2.13954e+03  8.46553e-07  2.29374e-07
2.14529e+03  8.43122e-07  2.28439e-07
2.15105e+03  8.39743e-07  2.27550e-07
2.15683e+03  8.36628e-07  2.26638e-07
2.16263e+03  8.33041e-07  2.25688e-07
2.16844e+03  8.29618e-07  2.24754e-07
2.17427e+03  8.26460e-07  2.23905e-07
2.18011e+03  8.23131e-07  2.22980e-07
2.18597e+03  8.19716e-07  2.22058e-07
2.19184e+03  8.16209e-07  2.21173e-07
2.19773e+03  8.12921e-07  2.20306e-07
2.20363e+03  8.09616e-07  2.19399e-07
2.20955e+03  8.06072e-07  2.18479e-07
2.21549e+03  8.02888e-07  2.17639e-07
2.22144e+03  7.99543e-07  2.16761e-07
2.22741e+03  7.96091e-07  2.15858e-07
2.23339e+03  7.92821e-07  2.14983e-07
2.23939e+03  7.89578e-07  2.14170e-07
2.24541e+03  7.86243e-07  2.13275e-07
2.25144e+03  7.82822e-07  2.12401e-07
2.25749e+03  7.79516e-07  2.11577e-07
2.26355e+03  7.76265e-07  2.10704e-07
2.26963e+03  7.72924e-07  2.09822e-07
2.27573e+03  7.69503e-07  2.08999e-07
2.28184e+03  7.66233e-07  2.08179e-07
2.28797e+03  7.62934e-07  2.07320e-07
2.29412e+03  7.59649e-07  2.06499e-07
2.30028e+03  7.56201e-07  2.05569e-07
2.30645e+03  7.52836e-07  2.04642e-07
2.31265e+03  7.49531e-07  2.03788e-07
2.31886e+03  7.46347e-07  2.03099e-07
2.32509e+03  7.43067e-07  2.02302e-07
2.33133e+03  7.39932e-07  2.01665e-07
2.33759e+03  7.36655e-07  2.00828e-07
2.34387e+03  7.33206e-07  1.99880e-07
2.35016e+03  7.29790e-07  1.98927e-07
2.35647e+03  7.26558e-07  1.98138e-07
2.36280e+03  7.23457e-07  1.97532e-07
2.36915e+03  7.20159e-07  1.96653e-07
2.37551e+03  7.16895e-07  1.95853e-07
2.38189e+03  7.13326e-07  1.94777e-07
2.38828e+03  7.09933e-07  1.93812e-07
2.39469e+03  7.06858e-07  1.93245e-07
2.40112e+03  7.03558e-07  1.92358e-07
2.40757e+03  7.00645e-07  1.91912e-07
2.41403e+03  6.97557e-07  1.91277e-07
2.42051e+03  6.94210e-07  1.90374e-07
2.42701e+03  6.90913e-07  1.89542e-07
2.43353e+03  6.87711e-07  1.88772e-07
2.44006e+03  6.84392e-07  1.87906e-07
2.44661e+03  6.81089e-07  1.87034e-07
2.45318e+03  6.77932e-07  1.86329e-07
2.45976e+03  6.74720e-07  1.85588e-07
2.46637e+03  6.71508e-07  1.84810e-07
2.47299e+03  6.68325e-07  1.84111e-07
2.47962e+03  6.64999e-07  1.83192e-07
2.48628e+03  6.62018e-07  1.82600e-07
2.49295e+03  6.58776e-07  1.81771e-07
2.49964e+03  6.55230e-07  1.80665e-07
2.50635e+03  6.52671e-07  1.80384e-07
2.51308e+03  6.49390e-07  1.79494e-07
2.51983e+03  6.45908e-07  1.78473e-07
2.52659e+03  6.42710e-07  1.77694e-07
2.53337e+03  6.39812e-07  1.77185e-07
2.54017e+03  6.36448e-07  1.76309e-07
2.54698e+03  6.33960e-07  1.76109e-07
2.55382e+03  6.30653e-07  1.75215e-07
2.56067e+03  6.27166e-07  1.74102e-07
2.56754e+03  6.23928e-07  1.73140e-07
2.57443e+03  6.21027e-07  1.72524e-07
2.58134e+03  6.17926e-07  1.71842e-07
2.58827e+03  6.15040e-07  1.71463e-07
2.59521e+03  6.11947e-07  1.70825e-07
2.60218e+03  6.08864e-07  1.70171e-07
2.60916e+03  6.05934e-07  1.69284e-07
2.61616e+03  6.02946e-07  1.68379e-07
2.62318e+03  5.99725e-07  1.67582e-07
2.63022e+03  5.96689e-07  1.66898e-07
2.63727e+03  5.93510e-07  1.66197e-07
2.64435e+03  5.90323e-07  1.65729e-07
2.65144e+03  5.87350e-07  1.65249e-07
2.65856e+03  5.84479e-07  1.64482e-07
2.66569e+03  5.81730e-07  1.63718e-07
2.67284e+03  5.78912e-07  1.62976e-07
2.68001e+03  5.75887e-07  1.62281e-07
2.68720e+03  5.73010e-07  1.61722e-07
2.69441e+03  5.69762e-07  1.61087e-07
2.70164e+03  5.66320e-07  1.60481e-07
2.70889e+03  5.63712e-07  1.59823e-07
2.71615e+03  5.60900e-07  1.59196e-07
2.72344e+03  5.58200e-07  1.58513e-07
2.73074e+03  5.55496e-07  1.57922e-07
2.73807e+03  5.52579e-07  1.57255e-07
2.74541e+03  5.49195e-07  1.56616e-07
2.75277e+03  5.46682e-07  1.56109e-07
2.76016e+03  5.43561e-07  1.55450e-07
2.76756e+03  5.40709e-07  1.54869e-07
2.77498e+03  5.37950e-07  1.54267e-07
2.78243e+03  5.35311e-07  1.53644e-07
2.78989e+03  5.32432e-07  1.53022e-07
2.79737e+03  5.29748e-07  1.52412e-07
2.80487e+03  5.26895e-07  1.51805e-07
2.81240e+03  5.24120e-07  1.51210e-07
2.81994e+03  5.21300e-07  1.50611e-07
2.82750e+03  5.18509e-07  1.50026e-07
2.83508e+03  5.15742e-07  1.49439e-07
2.84268e+03  5.12983e-07  1.48852e-07
2.85031e+03  5.11022e-07  1.48259e-07
2.85795e+03  5.08383e-07  1.47675e-07
2.86561e+03  5.05902e-07  1.47099e-07
2.87330e+03  5.02950e-07  1.46524e-07
2.88100e+03  5.00025e-07  1.45943e-07
2.88873e+03  4.97351e-07  1.45370e-07
2.89647e+03  4.95102e-07  1.44797e-07
2.90424e+03  4.92445e-07  1.44237e-07
2.91203e+03  4.89639e-07  1.43667e-07
2.91983e+03  4.86925e-07  1.43098e-07
2.92766e+03  4.84582e-07  1.42531e-07
2.93551e+03  4.82227e-07  1.41978e-07
2.94338e+03  4.79878e-07  1.41418e-07
2.95127e+03  4.77228e-07  1.40861e-07
2.95918e+03  4.74541e-07  1.40302e-07
2.96712e+03  4.72044e-07  1.39757e-07
2.97507e+03  4.69642e-07  1.39209e-07
2.98305e+03  4.67235e-07  1.38654e-07
2.99104e+03  4.64711e-07  1.38113e-07
2.99906e+03  4.62345e-07  1.37566e-07
3.00710e+03  4.59911e-07  1.37025e-07
3.01516e+03  4.57512e-07  1.36488e-07
3.02324e+03  4.55191e-07  1.35948e-07
3.03135e+03  4.52770e-07  1.35412e-07
3.03947e+03  4.50423e-07  1.34875e-07
3.04762e+03  4.48111e-07  1.34344e-07
3.05579e+03  4.45709e-07  1.33808e-07
3.06398e+03  4.43472e-07  1.33287e-07
3.07219e+03  4.41132e-07  1.32761e-07
3.08043e+03  4.38825e-07  1.32231e-07
3.08868e+03  4.36580e-07  1.31702e-07
3.09696e+03  4.34252e-07  1.31188e-07
3.10526e+03  4.32036e-07  1.30671e-07
3.11358e+03  4.29801e-07  1.30148e-07
3.12193e+03  4.27542e-07  1.29634e-07
3.13029e+03  4.25375e-07  1.29120e-07
3.13868e+03  4.23127e-07  1.28609e-07
3.14709e+03  4.20919e-07  1.28101e-07
3.15553e+03  4.18731e-07  1.27587e-07
3.16398e+03  4.16565e-07  1.27078e-07
3.17246e+03  4.14385e-07  1.26574e-07
3.18096e+03  4.12252e-07  1.26077e-07
3.18949e+03  4.10089e-07  1.25572e-07
3.19804e+03  4.07961e-07  1.25070e-07
3.20661e+03  4.05849e-07  1.24573e-07
3.21520e+03  4.03728e-07  1.24082e-07
3.22381e+03  4.01643e-07  1.23589e-07
3.23245e+03  3.99553e-07  1.23103e-07
3.24111e+03  3.97480e-07  1.22611e-07
3.24980e+03  3.95393e-07  1.22123e-07
3.25850e+03  3.93346e-07  1.21643e-07
3.26723e+03  3.91315e-07  1.21164e-07
3.27599e+03  3.89274e-07  1.20680e-07
3.28476e+03  3.87246e-07  1.20204e-07
3.29357e+03  3.85221e-07  1.19726e-07
3.30239e+03  3.83228e-07  1.19249e-07
3.31124e+03  3.81229e-07  1.18778e-07
3.32011e+03  3.79235e-07  1.18308e-07
3.32900e+03  3.77261e-07  1.17839e-07
3.33792e+03  3.75295e-07  1.17373e-07
3.34686e+03  3.73353e-07  1.16910e-07
3.35583e+03  3.71398e-07  1.16444e-07
3.36482e+03  3.69466e-07  1.15984e-07
3.37383e+03  3.67545e-07  1.15523e-07
3.38287e+03  3.65626e-07  1.15065e-07
3.39193e+03  3.63723e-07  1.14609e-07
3.40102e+03  3.61818e-07  1.14152e-07
3.41013e+03  3.59938e-07  1.13701e-07
3.41926e+03  3.58057e-07  1.13249e-07
3.42842e+03  3.56179e-07  1.12799e-07
3.43760e+03  3.54327e-07  1.12353e-07
3.44681e+03  3.52473e-07  1.11907e-07
3.45604e+03  3.50622e-07  1.11458e-07
3.46530e+03  3.48793e-07  1.11017e-07
3.47458e+03  3.46977e-07  1.10578e-07
3.48389e+03  3.45154e-07  1.10134e-07
3.49322e+03  3.43353e-07  1.09702e-07
3.50258e+03  3.41549e-07  1.09265e-07
3.51196e+03  3.39755e-07  1.08825e-07
3.52136e+03  3.37970e-07  1.08394e-07
3.53079e+03  3.36216e-07  1.07969e-07
3.54025e+03  3.34443e-07  1.07534e-07
3.54973e+03  3.32700e-07  1.07107e-07
3.55924e+03  3.30960e-07  1.06680e-07
3.56877e+03  3.29228e-07  1.06257e-07
3.57833e+03  3.27518e-07  1.05840e-07
3.58791e+03  3.25794e-07  1.05414e-07
3.59752e+03  3.24094e-07  1.04992e-07
3.60715e+03  3.22399e-07  1.04579e-07
3.61681e+03  3.20703e-07  1.04160e-07
3.62649e+03  3.19019e-07  1.03748e-07
3.63621e+03  3.17348e-07  1.03334e-07
3.64594e+03  3.15684e-07  1.02917e-07
3.65570e+03  3.14026e-07  1.02512e-07
3.66549e+03  3.12387e-07  1.02105e-07
3.67531e+03  3.10752e-07  1.01694e-07
3.68515e+03  3.09117e-07  1.01286e-07
3.69502e+03  3.07492e-07  1.00885e-07
3.70491e+03  3.05887e-07  1.00483e-07
3.71483e+03  3.04285e-07  1.00084e-07
3.72478e+03  3.02677e-07  9.96817e-08
3.73475e+03  3.01080e-07  9.92839e-08
3.74475e+03  2.99514e-07  9.88905e-08
3.75477e+03  2.97946e-07  9.84961e-08
3.76483e+03  2.96372e-07  9.81020e-08
3.77491e+03  2.94823e-07  9.77080e-08
3.78501e+03  2.93276e-07  9.73159e-08
3.79514e+03  2.91737e-07  9.69244e-08
3.80530e+03  2.90204e-07  9.65356e-08
3.81549e+03  2.88683e-07  9.61476e-08
3.82571e+03  2.87169e-07  9.57623e-08
3.83595e+03  2.85660e-07  9.53764e-08
3.84622e+03  2.84158e-07  9.49955e-08
3.85651e+03  2.82658e-07  9.46100e-08
3.86684e+03  2.81172e-07  9.42270e-08
3.87719e+03  2.79697e-07  9.38472e-08
3.88757e+03  2.78224e-07  9.34683e-08
3.89797e+03  2.76766e-07  9.30891e-08
3.90841e+03  2.75308e-07  9.27124e-08
3.91887e+03  2.73858e-07  9.23359e-08
3.92936e+03  2.72416e-07  9.19598e-08
3.93988e+03  2.70985e-07  9.15881e-08
3.95042e+03  2.69553e-07  9.12137e-08
3.96100e+03  2.68132e-07  9.08414e-08
3.97160e+03  2.66723e-07  9.04740e-08
3.98223e+03  2.65327e-07  9.01032e-08
3.99289e+03  2.63926e-07  8.97368e-08
4.00357e+03  2.62544e-07  8.93707e-08
4.01429e+03  2.61168e-07  8.90081e-08
4.02503e+03  2.59800e-07  8.86472e-08
4.03581e+03  2.58434e-07  8.82823e-08
4.04661e+03  2.57082e-07  8.79238e-08
4.05744e+03  2.55737e-07  8.75677e-08
4.06830e+03  2.54391e-07  8.72077e-08
4.07918e+03  2.53058e-07  8.68536e-08
4.09010e+03  2.51735e-07  8.64981e-08
4.10105e+03  2.50406e-07  8.61450e-08
4.11202e+03  2.49106e-07  8.57981e-08
4.12303e+03  2.47799e-07  8.54457e-08
4.13406e+03  2.46502e-07  8.50962e-08
4.14512e+03  2.45216e-07  8.47487e-08
4.15621e+03  2.43944e-07  8.44073e-08
4.16734e+03  2.42665e-07  8.40608e-08
4.17849e+03  2.41391e-07  8.37184e-08
4.18967e+03  2.40132e-07  8.33782e-08
4.20088e+03  2.38881e-07  8.30382e-08
4.21212e+03  2.37634e-07  8.27030e-08
4.22339e+03  2.36393e-07  8.23650e-08
4.23469e+03  2.35167e-07  8.20260e-08
4.24602e+03  2.33947e-07  8.16951e-08
4.25739e+03  2.32719e-07  8.13616e-08
4.26878e+03  2.31518e-07  8.10285e-08
4.28020e+03  2.30314e-07  8.06985e-08
4.29165e+03  2.29114e-07  8.03695e-08
4.30313e+03  2.27921e-07  8.00432e-08
4.31465e+03  2.26747e-07  7.97168e-08
4.32619e+03  2.25563e-07  7.93916e-08
4.33777e+03  2.24398e-07  7.90696e-08
4.34937e+03  2.23230e-07  7.87452e-08
4.36101e+03  2.22075e-07  7.84256e-08
4.37268e+03  2.20921e-07  7.81066e-08
4.38438e+03  2.19782e-07  7.77882e-08
4.39611e+03  2.18645e-07  7.74707e-08
4.40787e+03  2.17515e-07  7.71549e-08
4.41966e+03  2.16389e-07  7.68410e-08
4.43148e+03  2.15270e-07  7.65245e-08
4.44334e+03  2.14162e-07  7.62172e-08
4.45523e+03  2.13049e-07  7.59056e-08
4.46714e+03  2.11954e-07  7.55982e-08
4.47909e+03  2.10868e-07  7.52903e-08
4.49108e+03  2.09773e-07  7.49837e-08
4.50309e+03  2.08705e-07  7.46797e-08
4.51514e+03  2.07624e-07  7.43743e-08
4.52721e+03  2.06565e-07  7.40717e-08
4.53933e+03  2.05507e-07  7.37735e-08
4.55147e+03  2.04450e-07  7.34691e-08
4.56364e+03  2.03400e-07  7.31730e-08
4.57585e+03  2.02363e-07  7.28770e-08
4.58809e+03  2.01325e-07  7.25790e-08
4.60036e+03  2.00299e-07  7.22856e-08
4.61267e+03  1.99271e-07  7.19910e-08
4.62501e+03  1.98254e-07  7.16994e-08
4.63738e+03  1.97236e-07  7.14089e-08
4.64978e+03  1.96228e-07  7.11188e-08
4.66222e+03  1.95230e-07  7.08304e-08
4.67469e+03  1.94236e-07  7.05441e-08
4.68719e+03  1.93246e-07  7.02582e-08
4.69973e+03  1.92263e-07  6.99729e-08
4.71230e+03  1.91282e-07  6.96885e-08
4.72490e+03  1.90311e-07  6.94107e-08
4.73754e+03  1.89343e-07  6.91272e-08
4.75021e+03  1.88381e-07  6.88496e-08
4.76291e+03  1.87427e-07  6.85700e-08
4.77565e+03  1.86477e-07  6.82953e-08
4.78842e+03  1.85536e-07  6.80189e-08
4.80123e+03  1.84592e-07  6.77432e-08
4.81407e+03  1.83658e-07  6.74710e-08
4.82694e+03  1.82730e-07  6.71979e-08
4.83985e+03  1.81808e-07  6.69272e-08
4.85280e+03  1.80885e-07  6.66569e-08
4.86577e+03  1.79970e-07  6.63870e-08
4.87879e+03  1.79067e-07  6.61211e-08
4.89183e+03  1.78160e-07  6.58564e-08
4.90491e+03  1.77263e-07  6.55883e-08
4.91803e+03  1.76369e-07  6.53252e-08
4.93118e+03  1.75479e-07  6.50630e-08
4.94437e+03  1.74597e-07  6.48005e-08
4.95759e+03  1.73725e-07  6.45407e-08
4.97085e+03  1.72845e-07  6.42807e-08
4.98414e+03  1.71978e-07  6.40206e-08
4.99747e+03  1.71114e-07  6.37652e-08
5.01083e+03  1.70260e-07  6.35107e-08
5.02423e+03  1.69402e-07  6.32565e-08
5.03766e+03  1.68555e-07  6.30006e-08
5.05113e+03  1.67707e-07  6.27459e-08
5.06464e+03  1.66868e-07  6.24943e-08
5.07818e+03  1.66032e-07  6.22430e-08
5.09176e+03  1.65204e-07  6.19933e-08
5.10537e+03  1.64377e-07  6.17455e-08
5.11903e+03  1.63557e-07  6.14965e-08
5.13271e+03  1.62742e-07  6.12516e-08
5.14644e+03  1.61932e-07  6.10062e-08
5.16020e+03  1.61127e-07  6.07617e-08
5.17399e+03  1.60324e-07  6.05187e-08
5.18783e+03  1.59523e-07  6.02746e-08
5.20170e+03  1.58732e-07  6.00350e-08
5.21560e+03  1.57940e-07  5.97941e-08
5.22955e+03  1.57155e-07  5.95539e-08
5.24353e+03  1.56376e-07  5.93161e-08
5.25755e+03  1.55602e-07  5.90788e-08
5.27160e+03  1.54833e-07  5.88427e-08
5.28570e+03  1.54063e-07  5.86067e-08
5.29983e+03  1.53304e-07  5.83745e-08
5.31400e+03  1.52543e-07  5.81401e-08
5.32820e+03  1.51792e-07  5.79095e-08
5.34245e+03  1.51042e-07  5.76770e-08
5.35673e+03  1.50298e-07  5.74491e-08
5.37105e+03  1.49557e-07  5.72187e-08
5.38541e+03  1.48822e-07  5.69905e-08
5.39980e+03  1.48091e-07  5.67636e-08
5.41424e+03  1.47359e-07  5.65368e-08
5.42871e+03  1.46641e-07  5.63118e-08
5.44322e+03  1.45916e-07  5.60873e-08
5.45777e+03  1.45203e-07  5.58649e-08
5.47236e+03  1.44496e-07  5.56456e-08
5.48699e+03  1.43784e-07  5.54219e-08
5.50166e+03  1.43081e-07  5.52028e-08
5.51637e+03  1.42386e-07  5.49841e-08
5.53111e+03  1.41689e-07  5.47665e-08
5.54590e+03  1.40992e-07  5.45461e-08
5.56072e+03  1.40311e-07  5.43318e-08
5.57558e+03  1.39623e-07  5.41158e-08
5.59049e+03  1.38945e-07  5.39011e-08
5.60543e+03  1.38268e-07  5.36875e-08
5.62041e+03  1.37596e-07  5.34751e-08
5.63543e+03  1.36927e-07  5.32633e-08
5.65050e+03  1.36264e-07  5.30527e-08
5.66560e+03  1.35601e-07  5.28430e-08
5.68074e+03  1.34945e-07  5.26333e-08
5.69593e+03  1.34291e-07  5.24256e-08
5.71115e+03  1.33643e-07  5.22195e-08
5.72641e+03  1.32999e-07  5.20136e-08
5.74172e+03  1.32358e-07  5.18083e-08
5.75706e+03  1.31719e-07  5.16033e-08
5.77245e+03  1.31084e-07  5.14000e-08
5.78788e+03  1.30454e-07  5.11973e-08
5.80335e+03  1.29825e-07  5.09956e-08
5.81886e+03  1.29202e-07  5.07956e-08
5.83441e+03  1.28578e-07  5.05944e-08
5.85000e+03  1.27962e-07  5.03963e-08
5.86564e+03  1.27349e-07  5.01977e-08
5.88131e+03  1.26734e-07  5.00006e-08
5.89703e+03  1.26133e-07  4.98060e-08
5.91279e+03  1.25527e-07  4.96083e-08
5.92859e+03  1.24928e-07  4.94156e-08
5.94443e+03  1.24331e-07  4.92216e-08
5.96032e+03  1.23738e-07  4.90294e-08
5.97625e+03  1.23150e-07  4.88371e-08
5.99222e+03  1.22563e-07  4.86465e-08
6.00823e+03  1.21979e-07  4.84559e-08
6.02429e+03  1.21396e-07  4.82656e-08
6.04039e+03  1.20819e-07  4.80745e-08
6.05653e+03  1.20245e-07  4.78877e-08
6.07271e+03  1.19673e-07  4.76997e-08
6.08894e+03  1.19106e-07  4.75131e-08
6.10521e+03  1.18544e-07  4.73284e-08
6.12152e+03  1.17978e-07  4.71423e-08
6.13788e+03  1.17427e-07  4.69611e-08
6.15428e+03  1.16866e-07  4.67750e-08
6.17073e+03  1.16313e-07  4.65927e-08
6.18722e+03  1.15764e-07  4.64116e-08
6.20375e+03  1.15214e-07  4.62290e-08
6.22033e+03  1.14671e-07  4.60490e-08
6.23695e+03  1.14131e-07  4.58690e-08
6.25361e+03  1.13592e-07  4.56906e-08
6.27032e+03  1.13057e-07  4.55107e-08
6.28707e+03  1.12524e-07  4.53334e-08
6.30387e+03  1.11994e-07  4.51559e-08
6.32072e+03  1.11466e-07  4.49806e-08
6.33760e+03  1.10943e-07  4.48041e-08
6.35454e+03  1.10420e-07  4.46285e-08
6.37152e+03  1.09902e-07  4.44553e-08
6.38854e+03  1.09385e-07  4.42817e-08
6.40561e+03  1.08874e-07  4.41084e-08
6.42272e+03  1.08362e-07  4.39362e-08
6.43988e+03  1.07857e-07  4.37654e-08
6.45709e+03  1.07350e-07  4.35950e-08
6.47434e+03  1.06846e-07  4.34240e-08
6.49164e+03  1.06348e-07  4.32531e-08
6.50898e+03  1.05849e-07  4.30866e-08
6.52637e+03  1.05352e-07  4.29149e-08
6.54381e+03  1.04859e-07  4.27484e-08
6.56129e+03  1.04368e-07  4.25803e-08
6.57882e+03  1.03881e-07  4.24134e-08
6.59639e+03  1.03395e-07  4.22485e-08
6.61402e+03  1.02910e-07  4.20821e-08
6.63169e+03  1.02431e-07  4.19182e-08
6.64940e+03  1.01955e-07  4.17534e-08
6.66717e+03  1.01478e-07  4.15896e-08
6.68498e+03  1.01006e-07  4.14281e-08
6.70284e+03  1.00533e-07  4.12638e-08
6.72074e+03  1.00063e-07  4.11005e-08
6.73870e+03  9.95976e-08  4.09400e-08
6.75670e+03  9.91319e-08  4.07784e-08
6.77475e+03  9.86699e-08  4.06183e-08
6.79285e+03  9.82113e-08  4.04583e-08
6.81099e+03  9.77515e-08  4.02981e-08
6.82919e+03  9.72972e-08  4.01397e-08
6.84743e+03  9.68443e-08  3.99809e-08
6.86572e+03  9.63911e-08  3.98234e-08
6.88406e+03  9.59400e-08  3.96643e-08
6.90245e+03  9.54952e-08  3.95094e-08
6.92089e+03  9.50501e-08  3.93532e-08
6.93937e+03  9.46090e-08  3.91975e-08
6.95791e+03  9.41671e-08  3.90425e-08
6.97650e+03  9.37303e-08  3.88889e-08
6.99513e+03  9.32937e-08  3.87334e-08
7.01382e+03  9.28583e-08  3.85801e-08
7.03255e+03  9.24280e-08  3.84272e-08
7.05133e+03  9.19962e-08  3.82747e-08
7.07017e+03  9.15691e-08  3.81220e-08
7.08905e+03  9.11418e-08  3.79714e-08
7.10799e+03  9.07198e-08  3.78198e-08
7.12697e+03  9.02968e-08  3.76700e-08
7.14601e+03  8.98785e-08  3.75202e-08
7.16510e+03  8.94622e-08  3.73706e-08
7.18423e+03  8.90480e-08  3.72226e-08
7.20342e+03  8.86352e-08  3.70741e-08
7.22266e+03  8.82230e-08  3.69261e-08
7.24195e+03  8.78164e-08  3.67804e-08
7.26130e+03  8.74053e-08  3.66316e-08
7.28069e+03  8.70010e-08  3.64866e-08
7.30014e+03  8.65971e-08  3.63408e-08
7.31963e+03  8.61955e-08  3.61951e-08
7.33918e+03  8.57975e-08  3.60507e-08
7.35878e+03  8.53984e-08  3.59059e-08
7.37844e+03  8.50075e-08  3.57663e-08
7.39814e+03  8.46082e-08  3.56192e-08
7.41790e+03  8.42192e-08  3.54787e-08
7.43771e+03  8.38291e-08  3.53359e-08
7.45758e+03  8.34423e-08  3.51939e-08
7.47749e+03  8.30542e-08  3.50531e-08
7.49746e+03  8.26716e-08  3.49129e-08
7.51749e+03  8.22907e-08  3.47732e-08
7.53756e+03  8.19089e-08  3.46332e-08
7.55769e+03  8.15312e-08  3.44946e-08
7.57788e+03  8.11548e-08  3.43558e-08
7.59811e+03  8.07797e-08  3.42183e-08
7.61840e+03  8.04064e-08  3.40814e-08
7.63875e+03  8.00375e-08  3.39456e-08
7.65915e+03  7.96661e-08  3.38083e-08
7.67960e+03  7.92985e-08  3.36732e-08
7.70011e+03  7.89326e-08  3.35375e-08
7.72067e+03  7.85685e-08  3.34032e-08
7.74129e+03  7.82087e-08  3.32691e-08
7.76196e+03  7.78477e-08  3.31352e-08
7.78269e+03  7.74899e-08  3.30021e-08
7.80347e+03  7.71345e-08  3.28696e-08
7.82431e+03  7.67772e-08  3.27367e-08
7.84521e+03  7.64274e-08  3.26057e-08
7.86616e+03  7.60751e-08  3.24750e-08
7.88716e+03  7.57253e-08  3.23446e-08
7.90822e+03  7.53781e-08  3.22143e-08
7.92934e+03  7.50307e-08  3.20850e-08
7.95051e+03  7.46883e-08  3.19563e-08
7.97174e+03  7.43438e-08  3.18277e-08
7.99303e+03  7.40035e-08  3.16997e-08
8.01437e+03  7.36654e-08  3.15725e-08
8.03577e+03  7.33294e-08  3.14468e-08
8.05723e+03  7.29930e-08  3.13195e-08
8.07874e+03  7.26600e-08  3.11946e-08
8.10032e+03  7.23280e-08  3.10691e-08
8.12194e+03  7.19957e-08  3.09435e-08
8.14363e+03  7.16694e-08  3.08221e-08
8.16538e+03  7.13401e-08  3.06960e-08
8.18718e+03  7.10175e-08  3.05753e-08
8.20904e+03  7.06922e-08  3.04515e-08
8.23096e+03  7.03695e-08  3.03287e-08
8.25293e+03  7.00494e-08  3.02075e-08
8.27497e+03  6.97300e-08  3.00860e-08
8.29706e+03  6.94115e-08  2.99651e-08
8.31922e+03  6.90959e-08  2.98446e-08
8.34143e+03  6.87826e-08  2.97255e-08
8.36370e+03  6.84680e-08  2.96061e-08
8.38603e+03  6.81572e-08  2.94869e-08
8.40842e+03  6.78487e-08  2.93693e-08
8.43087e+03  6.75395e-08  2.92514e-08
8.45338e+03  6.72336e-08  2.91344e-08
8.47595e+03  6.69290e-08  2.90175e-08
8.49858e+03  6.66245e-08  2.89013e-08
8.52127e+03  6.63225e-08  2.87856e-08
8.54402e+03  6.60225e-08  2.86707e-08
8.56683e+03  6.57230e-08  2.85560e-08
8.58970e+03  6.54256e-08  2.84418e-08
8.61264e+03  6.51299e-08  2.83274e-08
8.63563e+03  6.48363e-08  2.82147e-08
8.65868e+03  6.45447e-08  2.81014e-08
8.68180e+03  6.42511e-08  2.79889e-08
8.70498e+03  6.39640e-08  2.78776e-08
8.72822e+03  6.36726e-08  2.77654e-08
8.75152e+03  6.33880e-08  2.76547e-08
8.77488e+03  6.31013e-08  2.75440e-08
8.79831e+03  6.28175e-08  2.74339e-08
8.82180e+03  6.25342e-08  2.73241e-08
8.84535e+03  6.22517e-08  2.72145e-08
8.86896e+03  6.19727e-08  2.71062e-08
8.89264e+03  6.16932e-08  2.69969e-08
8.91638e+03  6.14174e-08  2.68904e-08
8.94018e+03  6.11404e-08  2.67818e-08
8.96405e+03  6.08669e-08  2.66757e-08
8.98798e+03  6.05930e-08  2.65686e-08
9.01197e+03  6.03212e-08  2.64618e-08
9.03603e+03  6.00507e-08  2.63572e-08
9.06015e+03  5.97797e-08  2.62502e-08
9.08434e+03  5.95133e-08  2.61472e-08
9.10859e+03  5.92459e-08  2.60412e-08
9.13290e+03  5.89797e-08  2.59366e-08
9.15728e+03  5.87147e-08  2.58320e-08
9.18173e+03  5.84523e-08  2.57290e-08
9.20624e+03  5.81906e-08  2.56262e-08
9.23081e+03  5.79308e-08  2.55240e-08
9.25545e+03  5.76710e-08  2.54221e-08
9.28016e+03  5.74122e-08  2.53194e-08
9.30493e+03  5.71564e-08  2.52182e-08
9.32977e+03  5.69014e-08  2.51180e-08
9.35467e+03  5.66457e-08  2.50160e-08
9.37964e+03  5.63935e-08  2.49163e-08
9.40468e+03  5.61411e-08  2.48163e-08
9.42979e+03  5.58901e-08  2.47168e-08
9.45496e+03  5.56400e-08  2.46172e-08
9.48019e+03  5.53910e-08  2.45182e-08
9.50550e+03  5.51433e-08  2.44201e-08
9.53087e+03  5.48965e-08  2.43212e-08
9.55631e+03  5.46499e-08  2.42234e-08
9.58182e+03  5.44093e-08  2.41259e-08
9.60739e+03  5.41645e-08  2.40287e-08
9.63304e+03  5.39244e-08  2.39321e-08
9.65875e+03  5.36817e-08  2.38354e-08
9.68453e+03  5.34433e-08  2.37395e-08
9.71038e+03  5.32039e-08  2.36433e-08
9.73630e+03  5.29675e-08  2.35486e-08
9.76229e+03  5.27301e-08  2.34520e-08
9.78834e+03  5.24953e-08  2.33588e-08
9.81447e+03  5.22599e-08  2.32633e-08
9.84066e+03  5.20273e-08  2.31698e-08
9.86693e+03  5.17943e-08  2.30756e-08
9.89326e+03  5.15638e-08  2.29825e-08
9.91967e+03  5.13345e-08  2.28898e-08
9.94615e+03  5.11045e-08  2.27966e-08
9.97269e+03  5.08782e-08  2.27050e-08
9.99931e+03  5.06495e-08  2.26118e-08
