1.05208e+00  5.25949e-02  5.25949e-02
1.10489e+00  5.93688e-02  5.93688e-02
1.15783e+00  6.51678e-02  6.51678e-02
1.21091e+00  7.00917e-02  7.00917e-02
1.26414e+00  7.42428e-02  7.42428e-02
1.31751e+00  7.77240e-02  7.77240e-02
1.37102e+00  8.06252e-02  8.06252e-02
1.42467e+00  8.30179e-02  8.30179e-02
1.47846e+00  8.49636e-02  8.49636e-02
1.53240e+00  8.65129e-02  8.65129e-02
1.58649e+00  8.77012e-02  8.77012e-02
1.64071e+00  8.85622e-02  8.85622e-02
1.69508e+00  8.91371e-02  8.91371e-02
1.74960e+00  8.94638e-02  8.94638e-02
1.80426e+00  8.95771e-02  8.95771e-02
1.85907e+00  8.95125e-02  8.95125e-02
1.91402e+00  8.93004e-02  8.93004e-02
1.96912e+00  8.89666e-02  8.89666e-02
2.02436e+00  8.85337e-02  8.85337e-02
2.07976e+00  8.80175e-02  8.80175e-02
2.13530e+00  8.74324e-02  8.74324e-02
2.19098e+00  8.67882e-02  8.67882e-02
2.24682e+00  8.60914e-02  8.60914e-02
2.30281e+00  8.53451e-02  8.53451e-02
2.35894e+00  8.45506e-02  8.45506e-02
2.41523e+00  8.37122e-02  8.37122e-02
2.47166e+00  8.28332e-02  8.28332e-02
2.52824e+00  8.19141e-02  8.19141e-02
2.58498e+00  8.09602e-02  8.09602e-02
2.64187e+00  7.99762e-02  7.99762e-02
2.69890e+00  7.89692e-02  7.89692e-02
2.75609e+00  7.79447e-02  7.79447e-02
2.81343e+00  7.69069e-02  7.69069e-02
2.87093e+00  7.58606e-02  7.58606e-02
2.92858e+00  7.48085e-02  7.48085e-02
2.98638e+00  7.37550e-02  7.37550e-02
3.04434e+00  7.27022e-02  7.27022e-02
3.10245e+00  7.16515e-02  7.16515e-02
3.16071e+00  7.06042e-02  7.06042e-02
3.21913e+00  6.95620e-02  6.95620e-02
3.27771e+00  6.85260e-02  6.85260e-02
3.33644e+00  6.74987e-02  6.74987e-02
3.39533e+00  6.64816e-02  6.64816e-02
3.45437e+00  6.54761e-02  6.54761e-02
3.51357e+00  6.44836e-02  6.44836e-02
3.57293e+00  6.35058e-02  6.35058e-02
3.63245e+00  6.25435e-02  6.25435e-02
3.69213e+00  6.15973e-02  6.15973e-02
3.75196e+00  6.06672e-02  6.06672e-02
3.81196e+00  5.97530e-02  5.97530e-02
3.87211e+00  5.88555e-02  5.88555e-02
3.93243e+00  5.79740e-02  5.79740e-02
3.99290e+00  5.71081e-02  5.71081e-02
4.05354e+00  5.62577e-02  5.62577e-02
4.11434e+00  5.54222e-02  5.54222e-02
4.17530e+00  5.46008e-02  5.46008e-02
4.23642e+00  5.37934e-02  5.37934e-02
4.29771e+00  5.29997e-02  5.29997e-02
4.35916e+00  5.22188e-02  5.22188e-02
4.42077e+00  5.14503e-02  5.14503e-02
4.48255e+00  5.06946e-02  5.06946e-02
4.54449e+00  4.99516e-02  4.99516e-02
4.60660e+00  4.92210e-02  4.92210e-02
4.66887e+00  4.85030e-02  4.85030e-02
4.73131e+00  4.77973e-02  4.77973e-02
4.79391e+00  4.71036e-02  4.71036e-02
4.85668e+00  4.64226e-02  4.64226e-02
4.91962e+00  4.57537e-02  4.57537e-02
4.98272e+00  4.50971e-02  4.50971e-02
5.04600e+00  4.44527e-02  4.44527e-02
5.10944e+00  4.38204e-02  4.38204e-02
5.17305e+00  4.31999e-02  4.31999e-02
5.23683e+00  4.25911e-02  4.25911e-02
5.30078e+00  4.19935e-02  4.19935e-02
5.36490e+00  4.14073e-02  4.14073e-02
5.42920e+00  4.08318e-02  4.08318e-02
5.49366e+00  4.02673e-02  4.02673e-02
5.55829e+00  3.97133e-02  3.97133e-02
5.62310e+00  3.91697e-02  3.91697e-02
5.68808e+00  3.86359e-02  3.86359e-02
5.75323e+00  3.81119e-02  3.81119e-02
5.81856e+00  3.75977e-02  3.75977e-02
5.88406e+00  3.70923e-02  3.70923e-02
5.94974e+00  3.65958e-02  3.65958e-02
6.01559e+00  3.61083e-02  3.61083e-02
6.08161e+00  3.56289e-02  3.56289e-02
6.14781e+00  3.51578e-02  3.51578e-02
6.21419e+00  3.46947e-02  3.46947e-02
6.28074e+00  3.42393e-02  3.42393e-02
6.34748e+00  3.37918e-02  3.37918e-02
6.41439e+00  3.33518e-02  3.33518e-02
6.48147e+00  3.29189e-02  3.29189e-02
6.54874e+00  3.24934e-02  3.24934e-02
6.61619e+00  3.20748e-02  3.20748e-02
6.68381e+00  3.16629e-02  3.16629e-02
6.75162e+00  3.12577e-02  3.12577e-02
6.81960e+00  3.08589e-02  3.08589e-02
6.88777e+00  3.04666e-02  3.04666e-02
6.95612e+00  3.00805e-02  3.00805e-02
7.02465e+00  2.97006e-02  2.97006e-02
7.09336e+00  2.93268e-02  2.93268e-02
7.16226e+00  2.89589e-02  2.89589e-02
7.23134e+00  2.85969e-02  2.85969e-02
7.30060e+00  2.82406e-02  2.82406e-02
7.37005e+00  2.78900e-02  2.78900e-02
7.43969e+00  2.75451e-02  2.75451e-02
7.50950e+00  2.72055e-02  2.72055e-02
7.57951e+00  2.68712e-02  2.68712e-02
7.64970e+00  2.65421e-02  2.65421e-02
7.72008e+00  2.62180e-02  2.62180e-02
7.79065e+00  2.58987e-02  2.58987e-02
7.86140e+00  2.55843e-02  2.55843e-02
7.93234e+00  2.52746e-02  2.52746e-02
8.00347e+00  2.49697e-02  2.49697e-02
8.07479e+00  2.46693e-02  2.46693e-02
8.14631e+00  2.43737e-02  2.43737e-02
8.21801e+00  2.40824e-02  2.40824e-02
8.28990e+00  2.37958e-02  2.37958e-02
8.36198e+00  2.35136e-02  2.35136e-02
8.43426e+00  2.32357e-02  2.32357e-02
8.50673e+00  2.29621e-02  2.29621e-02
8.57939e+00  2.26926e-02  2.26926e-02
8.65225e+00  2.24273e-02  2.24273e-02
8.72529e+00  2.21659e-02  2.21659e-02
8.79854e+00  2.19081e-02  2.19081e-02
8.87198e+00  2.16541e-02  2.16541e-02
8.94561e+00  2.14036e-02  2.14036e-02
9.01944e+00  2.11567e-02  2.11567e-02
9.09347e+00  2.09131e-02  2.09131e-02
9.16770e+00  2.06729e-02  2.06729e-02
9.24212e+00  2.04360e-02  2.04360e-02
9.31674e+00  2.02024e-02  2.02024e-02
9.39156e+00  1.99722e-02  1.99722e-02
9.46658e+00  1.97450e-02  1.97450e-02
9.54180e+00  1.95211e-02  1.95211e-02
9.61722e+00  1.93003e-02  1.93003e-02
9.69283e+00  1.90826e-02  1.90826e-02
9.76866e+00  1.88679e-02  1.88679e-02
9.84468e+00  1.86563e-02  1.86563e-02
9.92091e+00  1.84476e-02  1.84476e-02
9.99733e+00  1.82420e-02  1.82420e-02
1.00740e+01  1.80392e-02  1.80392e-02
1.01508e+01  1.78392e-02  1.78392e-02
1.02278e+01  1.76420e-02  1.76420e-02
1.03051e+01  1.74475e-02  1.74475e-02
1.03825e+01  1.72558e-02  1.72558e-02
1.04602e+01  1.70665e-02  1.70665e-02
1.05381e+01  1.68798e-02  1.68798e-02
1.06161e+01  1.66957e-02  1.66957e-02
1.06944e+01  1.65140e-02  1.65140e-02
1.07729e+01  1.63349e-02  1.63349e-02
1.08516e+01  1.61579e-02  1.61579e-02
1.09305e+01  1.59833e-02  1.59833e-02
1.10096e+01  1.58111e-02  1.58111e-02
1.10890e+01  1.56411e-02  1.56411e-02
1.11685e+01  1.54735e-02  1.54735e-02
1.12483e+01  1.53080e-02  1.53080e-02
1.13282e+01  1.51446e-02  1.51446e-02
1.14084e+01  1.49836e-02  1.49836e-02
1.14888e+01  1.48246e-02  1.48246e-02
1.15694e+01  1.46677e-02  1.46677e-02
1.16502e+01  1.45129e-02  1.45129e-02
1.17313e+01  1.43600e-02  1.43600e-02
1.18125e+01  1.42090e-02  1.42090e-02
1.18940e+01  1.40600e-02  1.40600e-02
1.19757e+01  1.39129e-02  1.39129e-02
1.20576e+01  1.37677e-02  1.37677e-02
1.21397e+01  1.36243e-02  1.36243e-02
1.22220e+01  1.34827e-02  1.34827e-02
1.23046e+01  1.33429e-02  1.33429e-02
1.23874e+01  1.32048e-02  1.32048e-02
1.24704e+01  1.30684e-02  1.30684e-02
1.25536e+01  1.29337e-02  1.29337e-02
1.26370e+01  1.28006e-02  1.28006e-02
1.27207e+01  1.26691e-02  1.26691e-02
1.28046e+01  1.25393e-02  1.25393e-02
1.28887e+01  1.24110e-02  1.24110e-02
1.29730e+01  1.22842e-02  1.22842e-02
1.30576e+01  1.21587e-02  1.21587e-02
1.31424e+01  1.20350e-02  1.20350e-02
1.32274e+01  1.19127e-02  1.19127e-02
1.33126e+01  1.17918e-02  1.17918e-02
1.33981e+01  1.16723e-02  1.16723e-02
1.34838e+01  1.15542e-02  1.15542e-02
1.35697e+01  1.14376e-02  1.14376e-02
1.36558e+01  1.13222e-02  1.13222e-02
1.37422e+01  1.12082e-02  1.12082e-02
1.38288e+01  1.10956e-02  1.10956e-02
1.39157e+01  1.09844e-02  1.09844e-02
1.40027e+01  1.08744e-02  1.08744e-02
1.40900e+01  1.07657e-02  1.07657e-02
1.41776e+01  1.06583e-02  1.06583e-02
1.42654e+01  1.05522e-02  1.05522e-02
1.43534e+01  1.04473e-02  1.04473e-02
1.44416e+01  1.03436e-02  1.03436e-02
1.45301e+01  1.02411e-02  1.02411e-02
1.46188e+01  1.01398e-02  1.01398e-02
1.47077e+01  1.00395e-02  1.00395e-02
1.47969e+01  9.94044e-03  9.94044e-03
1.48863e+01  9.84253e-03  9.84253e-03
1.49760e+01  9.74560e-03  9.74560e-03
1.50659e+01  9.64986e-03  9.64986e-03
1.51560e+01  9.55513e-03  9.55513e-03
1.52464e+01  9.46155e-03  9.46155e-03
1.53370e+01  9.36893e-03  9.36893e-03
1.54278e+01  9.27735e-03  9.27735e-03
1.55189e+01  9.18684e-03  9.18684e-03
1.56103e+01  9.09727e-03  9.09727e-03
1.57019e+01  9.00871e-03  9.00871e-03
1.57937e+01  8.92112e-03  8.92112e-03
1.58858e+01  8.83454e-03  8.83454e-03
1.59781e+01  8.74888e-03  8.74888e-03
1.60707e+01  8.66413e-03  8.66413e-03
1.61635e+01  8.58030e-03  8.58030e-03
1.62565e+01  8.49740e-03  8.49740e-03
1.63498e+01  8.41532e-03  8.41532e-03
1.64434e+01  8.33422e-03  8.33422e-03
1.65372e+01  8.25383e-03  8.25383e-03
1.66313e+01  8.17444e-03  8.17444e-03
1.67256e+01  8.09585e-03  8.09585e-03
1.68201e+01  8.01805e-03  8.01805e-03
1.69149e+01  7.94110e-03  7.94110e-03
1.70100e+01  7.86488e-03  7.86488e-03
1.71053e+01  7.78959e-03  7.78959e-03
1.72009e+01  7.71496e-03  7.71496e-03
1.72967e+01  7.64123e-03  7.64123e-03
1.73928e+01  7.56814e-03  7.56814e-03
1.74891e+01  7.49592e-03  7.49592e-03
1.75857e+01  7.42434e-03  7.42434e-03
1.76825e+01  7.35347e-03  7.35347e-03
1.77796e+01  7.28347e-03  7.28347e-03
1.78770e+01  7.21397e-03  7.21397e-03
1.79746e+01  7.14528e-03  7.14528e-03
1.80725e+01  7.07722e-03  7.07722e-03
1.81707e+01  7.00983e-03  7.00983e-03
1.82691e+01  6.94306e-03  6.94306e-03
1.83677e+01  6.87689e-03  6.87689e-03
1.84667e+01  6.81145e-03  6.81145e-03
1.85659e+01  6.74658e-03  6.74658e-03
1.86653e+01  6.68248e-03  6.68248e-03
1.87650e+01  6.61894e-03  6.61894e-03
1.88650e+01  6.55604e-03  6.55604e-03
1.89653e+01  6.49377e-03  6.49377e-03
1.90658e+01  6.43215e-03  6.43215e-03
1.91666e+01  6.37109e-03  6.37109e-03
1.92677e+01  6.31068e-03  6.31068e-03
1.93690e+01  6.25091e-03  6.25091e-03
1.94706e+01  6.19173e-03  6.19173e-03
1.95725e+01  6.13310e-03  6.13310e-03
1.96746e+01  6.07506e-03  6.07506e-03
1.97770e+01  6.01758e-03  6.01758e-03
1.98797e+01  5.96073e-03  5.96073e-03
1.99827e+01  5.90448e-03  5.90448e-03
2.00859e+01  5.84868e-03  5.84868e-03
2.01894e+01  5.79355e-03  5.79355e-03
2.02932e+01  5.73895e-03  5.73895e-03
2.03972e+01  5.68477e-03  5.68477e-03
2.05016e+01  5.63138e-03  5.63138e-03
2.06062e+01  5.57833e-03  5.57833e-03
2.07111e+01  5.52576e-03  5.52576e-03
2.08163e+01  5.47395e-03  5.47395e-03
2.09217e+01  5.42247e-03  5.42247e-03
2.10275e+01  5.37151e-03  5.37151e-03
2.11335e+01  5.32110e-03  5.32110e-03
2.12398e+01  5.27101e-03  5.27101e-03
2.13464e+01  5.22157e-03  5.22157e-03
2.14532e+01  5.17257e-03  5.17257e-03
2.15604e+01  5.12382e-03  5.12382e-03
2.16678e+01  5.07577e-03  5.07577e-03
2.17755e+01  5.02815e-03  5.02815e-03
2.18835e+01  4.98081e-03  4.98081e-03
2.19918e+01  4.93408e-03  4.93408e-03
2.21004e+01  4.88772e-03  4.88772e-03
2.22093e+01  4.84176e-03  4.84176e-03
2.23185e+01  4.79621e-03  4.79621e-03
2.24279e+01  4.75118e-03  4.75118e-03
2.25377e+01  4.70646e-03  4.70646e-03
2.26477e+01  4.66211e-03  4.66211e-03
2.27580e+01  4.61831e-03  4.61831e-03
2.28687e+01  4.57481e-03  4.57481e-03
2.29796e+01  4.53163e-03  4.53163e-03
2.30908e+01  4.48908e-03  4.48908e-03
2.32023e+01  4.44671e-03  4.44671e-03
2.33141e+01  4.40463e-03  4.40463e-03
2.34262e+01  4.36316e-03  4.36316e-03
2.35386e+01  4.32191e-03  4.32191e-03
2.36513e+01  4.28101e-03  4.28101e-03
2.37643e+01  4.24058e-03  4.24058e-03
2.38777e+01  4.20048e-03  4.20048e-03
2.39913e+01  4.16055e-03  4.16055e-03
2.41052e+01  4.12117e-03  4.12117e-03
2.42194e+01  4.08203e-03  4.08203e-03
2.43339e+01  4.04322e-03  4.04322e-03
2.44487e+01  4.00490e-03  4.00490e-03
2.45639e+01  3.96675e-03  3.96675e-03
2.46793e+01  3.92888e-03  3.92888e-03
2.47951e+01  3.89147e-03  3.89147e-03
2.49111e+01  3.85436e-03  3.85436e-03
2.50275e+01  3.81743e-03  3.81743e-03
2.51441e+01  3.78109e-03  3.78109e-03
2.52611e+01  3.74494e-03  3.74494e-03
2.53784e+01  3.70896e-03  3.70896e-03
2.54960e+01  3.67351e-03  3.67351e-03
2.56139e+01  3.63825e-03  3.63825e-03
2.57322e+01  3.60333e-03  3.60333e-03
2.58507e+01  3.56881e-03  3.56881e-03
2.59696e+01  3.53441e-03  3.53441e-03
2.60888e+01  3.50043e-03  3.50043e-03
2.62083e+01  3.46674e-03  3.46674e-03
2.63281e+01  3.43324e-03  3.43324e-03
2.64482e+01  3.40016e-03  3.40016e-03
2.65687e+01  3.36739e-03  3.36739e-03
2.66895e+01  3.33471e-03  3.33471e-03
2.68106e+01  3.30242e-03  3.30242e-03
2.69320e+01  3.27047e-03  3.27047e-03
2.70537e+01  3.23866e-03  3.23866e-03
2.71758e+01  3.20724e-03  3.20724e-03
2.72982e+01  3.17608e-03  3.17608e-03
2.74209e+01  3.14511e-03  3.14511e-03
2.75440e+01  3.11440e-03  3.11440e-03
2.76673e+01  3.08410e-03  3.08410e-03
2.77911e+01  3.05399e-03  3.05399e-03
2.79151e+01  3.02412e-03  3.02412e-03
2.80395e+01  2.99457e-03  2.99457e-03
2.81641e+01  2.96525e-03  2.96525e-03
2.82892e+01  2.93625e-03  2.93625e-03
2.84145e+01  2.90749e-03  2.90749e-03
2.85402e+01  2.87893e-03  2.87893e-03
2.86663e+01  2.85068e-03  2.85068e-03
2.87926e+01  2.82274e-03  2.82274e-03
2.89193e+01  2.79493e-03  2.79493e-03
2.90464e+01  2.76746e-03  2.76746e-03
2.91738e+01  2.74023e-03  2.74023e-03
2.93015e+01  2.71316e-03  2.71316e-03
2.94295e+01  2.68647e-03  2.68647e-03
2.95579e+01  2.65995e-03  2.65995e-03
2.96867e+01  2.63361e-03  2.63361e-03
2.98158e+01  2.60762e-03  2.60762e-03
2.99452e+01  2.58179e-03  2.58179e-03
3.00750e+01  2.55621e-03  2.55621e-03
3.02051e+01  2.53091e-03  2.53091e-03
3.03355e+01  2.50576e-03  2.50576e-03
3.04664e+01  2.48088e-03  2.48088e-03
3.05975e+01  2.45619e-03  2.45619e-03
3.07290e+01  2.43171e-03  2.43171e-03
3.08609e+01  2.40742e-03  2.40742e-03
3.09931e+01  2.38344e-03  2.38344e-03
3.11257e+01  2.35965e-03  2.35965e-03
3.12586e+01  2.33600e-03  2.33600e-03
3.13919e+01  2.31258e-03  2.31258e-03
3.15255e+01  2.28943e-03  2.28943e-03
3.16595e+01  2.26646e-03  2.26646e-03
3.17938e+01  2.24370e-03  2.24370e-03
3.19285e+01  2.22104e-03  2.22104e-03
3.20636e+01  2.19874e-03  2.19874e-03
3.21990e+01  2.17657e-03  2.17657e-03
3.23348e+01  2.15457e-03  2.15457e-03
3.24709e+01  2.13283e-03  2.13283e-03
3.26074e+01  2.11118e-03  2.11118e-03
3.27443e+01  2.08978e-03  2.08978e-03
3.28815e+01  2.06865e-03  2.06865e-03
3.30191e+01  2.04754e-03  2.04754e-03
3.31570e+01  2.02679e-03  2.02679e-03
3.32954e+01  2.00615e-03  2.00615e-03
3.34341e+01  1.98569e-03  1.98569e-03
3.35731e+01  1.96547e-03  1.96547e-03
3.37126e+01  1.94537e-03  1.94537e-03
3.38524e+01  1.92551e-03  1.92551e-03
3.39926e+01  1.90583e-03  1.90583e-03
3.41331e+01  1.88630e-03  1.88630e-03
3.42741e+01  1.86699e-03  1.86699e-03
3.44154e+01  1.84783e-03  1.84783e-03
3.45570e+01  1.82887e-03  1.82887e-03
3.46991e+01  1.81008e-03  1.81008e-03
3.48415e+01  1.79146e-03  1.79146e-03
3.49844e+01  1.77301e-03  1.77301e-03
3.51275e+01  1.75470e-03  1.75470e-03
3.52711e+01  1.73671e-03  1.73671e-03
3.54151e+01  1.71867e-03  1.71867e-03
3.55594e+01  1.70094e-03  1.70094e-03
3.57042e+01  1.68331e-03  1.68331e-03
3.58493e+01  1.66594e-03  1.66594e-03
3.59948e+01  1.64859e-03  1.64859e-03
3.61407e+01  1.63145e-03  1.63145e-03
3.62869e+01  1.61454e-03  1.61454e-03
3.64336e+01  1.59772e-03  1.59772e-03
3.65807e+01  1.58108e-03  1.58108e-03
3.67281e+01  1.56456e-03  1.56456e-03
3.68760e+01  1.54825e-03  1.54825e-03
3.70242e+01  1.53209e-03  1.53209e-03
3.71728e+01  1.51605e-03  1.51605e-03
3.73219e+01  1.50014e-03  1.50014e-03
3.74713e+01  1.48439e-03  1.48439e-03
3.76211e+01  1.46879e-03  1.46879e-03
3.77713e+01  1.45336e-03  1.45336e-03
3.79219e+01  1.43802e-03  1.43802e-03
3.80730e+01  1.42288e-03  1.42288e-03
3.82244e+01  1.40783e-03  1.40783e-03
3.83762e+01  1.39297e-03  1.39297e-03
3.85285e+01  1.37824e-03  1.37824e-03
3.86811e+01  1.36359e-03  1.36359e-03
3.88341e+01  1.34916e-03  1.34916e-03
3.89876e+01  1.33485e-03  1.33485e-03
3.91415e+01  1.32060e-03  1.32060e-03
3.92957e+01  1.30654e-03  1.30654e-03
3.94504e+01  1.29259e-03  1.29259e-03
3.96055e+01  1.27883e-03  1.27883e-03
3.97610e+01  1.26512e-03  1.26512e-03
3.99169e+01  1.25158e-03  1.25158e-03
4.00733e+01  1.23817e-03  1.23817e-03
4.02300e+01  1.22486e-03  1.22486e-03
4.03872e+01  1.21173e-03  1.21173e-03
4.05448e+01  1.19874e-03  1.19874e-03
4.07028e+01  1.18577e-03  1.18577e-03
4.08612e+01  1.17299e-03  1.17299e-03
4.10201e+01  1.16034e-03  1.16034e-03
4.11794e+01  1.14780e-03  1.14780e-03
4.13391e+01  1.13533e-03  1.13533e-03
4.14992e+01  1.12306e-03  1.12306e-03
4.16597e+01  1.11096e-03  1.11096e-03
4.18207e+01  1.09886e-03  1.09886e-03
4.19821e+01  1.08688e-03  1.08688e-03
4.21440e+01  1.07504e-03  1.07504e-03
4.23062e+01  1.06337e-03  1.06337e-03
4.24689e+01  1.05175e-03  1.05175e-03
4.26321e+01  1.04026e-03  1.04026e-03
4.27956e+01  1.02889e-03  1.02889e-03
4.29597e+01  1.01770e-03  1.01770e-03
4.31241e+01  1.00655e-03  1.00655e-03
4.32890e+01  9.95475e-04  9.95475e-04
4.34543e+01  9.84533e-04  9.84533e-04
4.36201e+01  9.73725e-04  9.73725e-04
4.37863e+01  9.63011e-04  9.63011e-04
4.39529e+01  9.52345e-04  9.52345e-04
4.41200e+01  9.41899e-04  9.41899e-04
4.42875e+01  9.31534e-04  9.31534e-04
4.44555e+01  9.21227e-04  9.21227e-04
4.46239e+01  9.11075e-04  9.11075e-04
4.47928e+01  9.00912e-04  9.00912e-04
4.49621e+01  8.90982e-04  8.90982e-04
4.51319e+01  8.81071e-04  8.81071e-04
4.53022e+01  8.71342e-04  8.71342e-04
4.54728e+01  8.61609e-04  8.61609e-04
4.56440e+01  8.52081e-04  8.52081e-04
4.58156e+01  8.42582e-04  8.42582e-04
4.59876e+01  8.33195e-04  8.33195e-04
4.61601e+01  8.23885e-04  8.23885e-04
4.63331e+01  8.14662e-04  8.14662e-04
4.65065e+01  8.05621e-04  8.05621e-04
4.66804e+01  7.96541e-04  7.96541e-04
4.68548e+01  7.87653e-04  7.87653e-04
4.70296e+01  7.78795e-04  7.78795e-04
4.72049e+01  7.70189e-04  7.70189e-04
4.73806e+01  7.61407e-04  7.61407e-04
4.75569e+01  7.52863e-04  7.52863e-04
4.77335e+01  7.44432e-04  7.44432e-04
4.79107e+01  7.36059e-04  7.36059e-04
4.80883e+01  7.27795e-04  7.27795e-04
4.82664e+01  7.19558e-04  7.19558e-04
4.84450e+01  7.11549e-04  7.11549e-04
4.86241e+01  7.03394e-04  7.03394e-04
4.88036e+01  6.95488e-04  6.95488e-04
4.89836e+01  6.87622e-04  6.87622e-04
4.91641e+01  6.79854e-04  6.79854e-04
4.93451e+01  6.72123e-04  6.72123e-04
4.95265e+01  6.64500e-04  6.64500e-04
4.97085e+01  6.57059e-04  6.57059e-04
4.98909e+01  6.49585e-04  6.49585e-04
5.00738e+01  6.42196e-04  6.42196e-04
5.02572e+01  6.34912e-04  6.34912e-04
5.04411e+01  6.27674e-04  6.27674e-04
5.06255e+01  6.20455e-04  6.20455e-04
5.08103e+01  6.13426e-04  6.13426e-04
5.09957e+01  6.06572e-04  6.06572e-04
5.11815e+01  5.99574e-04  5.99574e-04
5.13679e+01  5.92689e-04  5.92689e-04
5.15547e+01  5.86008e-04  5.86008e-04
5.17421e+01  5.79265e-04  5.79265e-04
5.19299e+01  5.72542e-04  5.72542e-04
5.21182e+01  5.66125e-04  5.66125e-04
5.23071e+01  5.59753e-04  5.59753e-04
5.24964e+01  5.53203e-04  5.53203e-04
5.26863e+01  5.46836e-04  5.46836e-04
5.28766e+01  5.40720e-04  5.40720e-04
5.30675e+01  5.34411e-04  5.34411e-04
5.32589e+01  5.28198e-04  5.28198e-04
5.34507e+01  5.22356e-04  5.22356e-04
5.36431e+01  5.16367e-04  5.16367e-04
5.38360e+01  5.10243e-04  5.10243e-04
5.40295e+01  5.04467e-04  5.04467e-04
5.42234e+01  4.98731e-04  4.98731e-04
5.44178e+01  4.92930e-04  4.92930e-04
5.46128e+01  4.87195e-04  4.87195e-04
5.48083e+01  4.81738e-04  4.81738e-04
5.50043e+01  4.76240e-04  4.76240e-04
5.52008e+01  4.70517e-04  4.70517e-04
5.53979e+01  4.65211e-04  4.65211e-04
5.55955e+01  4.59991e-04  4.59991e-04
5.57936e+01  4.54483e-04  4.54483e-04
5.59922e+01  4.49358e-04  4.49358e-04
5.61914e+01  4.44264e-04  4.44264e-04
5.63910e+01  4.39075e-04  4.39075e-04
5.65913e+01  4.33894e-04  4.33894e-04
5.67920e+01  4.29010e-04  4.29010e-04
5.69933e+01  4.24094e-04  4.24094e-04
5.71952e+01  4.19080e-04  4.19080e-04
5.73975e+01  4.14401e-04  4.14401e-04
5.76004e+01  4.09594e-04  4.09594e-04
5.78039e+01  4.04771e-04  4.04771e-04
5.80079e+01  4.00144e-04  4.00144e-04
5.82124e+01  3.95588e-04  3.95588e-04
5.84175e+01  3.90939e-04  3.90939e-04
5.86231e+01  3.86497e-04  3.86497e-04
5.88293e+01  3.82036e-04  3.82036e-04
5.90360e+01  3.77608e-04  3.77608e-04
5.92432e+01  3.73263e-04  3.73263e-04
5.94511e+01  3.69022e-04  3.69022e-04
5.96594e+01  3.64695e-04  3.64695e-04
5.98684e+01  3.60532e-04  3.60532e-04
6.00779e+01  3.56343e-04  3.56343e-04
6.02879e+01  3.52186e-04  3.52186e-04
6.04985e+01  3.48191e-04  3.48191e-04
6.07097e+01  3.44219e-04  3.44219e-04
6.09214e+01  3.40215e-04  3.40215e-04
6.11337e+01  3.36317e-04  3.36317e-04
6.13466e+01  3.32434e-04  3.32434e-04
6.15600e+01  3.28548e-04  3.28548e-04
6.17740e+01  3.24815e-04  3.24815e-04
6.19885e+01  3.21138e-04  3.21138e-04
6.22037e+01  3.17400e-04  3.17400e-04
6.24194e+01  3.13768e-04  3.13768e-04
6.26357e+01  3.10138e-04  3.10138e-04
6.28525e+01  3.06510e-04  3.06510e-04
6.30700e+01  3.03065e-04  3.03065e-04
6.32880e+01  2.99633e-04  2.99633e-04
6.35066e+01  2.96135e-04  2.96135e-04
6.37258e+01  2.92775e-04  2.92775e-04
6.39455e+01  2.89390e-04  2.89390e-04
6.41659e+01  2.85983e-04  2.85983e-04
6.43868e+01  2.82799e-04  2.82799e-04
6.46083e+01  2.79615e-04  2.79615e-04
6.48304e+01  2.76370e-04  2.76370e-04
6.50532e+01  2.73241e-04  2.73241e-04
6.52765e+01  2.70065e-04  2.70065e-04
6.55003e+01  2.66925e-04  2.66925e-04
6.57248e+01  2.63965e-04  2.63965e-04
6.59499e+01  2.60962e-04  2.60962e-04
6.61756e+01  2.57965e-04  2.57965e-04
6.64019e+01  2.55051e-04  2.55051e-04
6.66288e+01  2.52070e-04  2.52070e-04
6.68563e+01  2.49236e-04  2.49236e-04
6.70844e+01  2.46450e-04  2.46450e-04
6.73131e+01  2.43637e-04  2.43637e-04
6.75424e+01  2.40885e-04  2.40885e-04
6.77724e+01  2.38111e-04  2.38111e-04
6.80029e+01  2.35337e-04  2.35337e-04
6.82341e+01  2.32745e-04  2.32745e-04
6.84658e+01  2.30144e-04  2.30144e-04
6.86982e+01  2.27531e-04  2.27531e-04
6.89312e+01  2.24976e-04  2.24976e-04
6.91649e+01  2.22394e-04  2.22394e-04
6.93991e+01  2.19872e-04  2.19872e-04
6.96340e+01  2.17415e-04  2.17415e-04
6.98695e+01  2.14950e-04  2.14950e-04
7.01056e+01  2.12564e-04  2.12564e-04
7.03424e+01  2.10144e-04  2.10144e-04
7.05798e+01  2.07778e-04  2.07778e-04
7.08178e+01  2.05452e-04  2.05452e-04
7.10565e+01  2.03152e-04  2.03152e-04
7.12958e+01  2.00897e-04  2.00897e-04
7.15357e+01  1.98636e-04  1.98636e-04
7.17763e+01  1.96411e-04  1.96411e-04
7.20175e+01  1.94223e-04  1.94223e-04
7.22593e+01  1.92016e-04  1.92016e-04
7.25018e+01  1.89901e-04  1.89901e-04
7.27450e+01  1.87815e-04  1.87815e-04
7.29887e+01  1.85704e-04  1.85704e-04
7.32332e+01  1.83654e-04  1.83654e-04
7.34783e+01  1.81589e-04  1.81589e-04
7.37240e+01  1.79578e-04  1.79578e-04
7.39704e+01  1.77618e-04  1.77618e-04
7.42175e+01  1.75649e-04  1.75649e-04
7.44652e+01  1.73717e-04  1.73717e-04
7.47136e+01  1.71743e-04  1.71743e-04
7.49626e+01  1.69860e-04  1.69860e-04
7.52123e+01  1.68018e-04  1.68018e-04
7.54627e+01  1.66156e-04  1.66156e-04
7.57137e+01  1.64351e-04  1.64351e-04
7.59654e+01  1.62536e-04  1.62536e-04
7.62178e+01  1.60722e-04  1.60722e-04
7.64708e+01  1.58987e-04  1.58987e-04
7.67245e+01  1.57258e-04  1.57258e-04
7.69789e+01  1.55522e-04  1.55522e-04
7.72340e+01  1.53852e-04  1.53852e-04
7.74897e+01  1.52172e-04  1.52172e-04
7.77461e+01  1.50492e-04  1.50492e-04
7.80033e+01  1.48863e-04  1.48863e-04
7.82611e+01  1.47254e-04  1.47254e-04
7.85195e+01  1.45649e-04  1.45649e-04
7.87787e+01  1.44074e-04  1.44074e-04
7.90386e+01  1.42510e-04  1.42510e-04
7.92991e+01  1.40972e-04  1.40972e-04
7.95604e+01  1.39460e-04  1.39460e-04
7.98223e+01  1.37964e-04  1.37964e-04
8.00850e+01  1.36483e-04  1.36483e-04
8.03483e+01  1.35013e-04  1.35013e-04
8.06124e+01  1.33580e-04  1.33580e-04
8.08771e+01  1.32130e-04  1.32130e-04
8.11426e+01  1.30717e-04  1.30717e-04
8.14087e+01  1.29322e-04  1.29322e-04
8.16756e+01  1.27941e-04  1.27941e-04
8.19432e+01  1.26584e-04  1.26584e-04
8.22115e+01  1.25234e-04  1.25234e-04
8.24805e+01  1.23919e-04  1.23919e-04
8.27502e+01  1.22605e-04  1.22605e-04
8.30207e+01  1.21314e-04  1.21314e-04
8.32918e+01  1.20012e-04  1.20012e-04
8.35637e+01  1.18733e-04  1.18733e-04
8.38363e+01  1.17501e-04  1.17501e-04
8.41097e+01  1.16257e-04  1.16257e-04
8.43837e+01  1.15026e-04  1.15026e-04
8.46585e+01  1.13825e-04  1.13825e-04
8.49341e+01  1.12620e-04  1.12620e-04
8.52103e+01  1.11465e-04  1.11465e-04
8.54873e+01  1.10318e-04  1.10318e-04
8.57650e+01  1.09153e-04  1.09153e-04
8.60435e+01  1.08004e-04  1.08004e-04
8.63227e+01  1.06891e-04  1.06891e-04
8.66027e+01  1.05778e-04  1.05778e-04
8.68834e+01  1.04689e-04  1.04689e-04
8.71649e+01  1.03595e-04  1.03595e-04
8.74471e+01  1.02521e-04  1.02521e-04
8.77300e+01  1.01474e-04  1.01474e-04
8.80137e+01  1.00431e-04  1.00431e-04
8.82982e+01  9.93997e-05  9.93997e-05
8.85834e+01  9.83688e-05  9.83688e-05
8.88694e+01  9.73752e-05  9.73752e-05
8.91562e+01  9.63759e-05  9.63759e-05
8.94437e+01  9.53930e-05  9.53930e-05
8.97319e+01  9.44049e-05  9.44049e-05
9.00210e+01  9.34418e-05  9.34418e-05
9.03108e+01  9.25067e-05  9.25067e-05
9.06014e+01  9.15711e-05  9.15711e-05
9.08927e+01  9.06527e-05  9.06527e-05
9.11849e+01  8.97139e-05  8.97139e-05
9.14778e+01  8.88286e-05  8.88286e-05
9.17715e+01  8.79322e-05  8.79322e-05
9.20660e+01  8.70576e-05  8.70576e-05
9.23612e+01  8.61671e-05  8.61671e-05
9.26573e+01  8.53027e-05  8.53027e-05
9.29541e+01  8.44482e-05  8.44482e-05
9.32517e+01  8.36060e-05  8.36060e-05
9.35501e+01  8.27720e-05  8.27720e-05
9.38494e+01  8.19473e-05  8.19473e-05
9.41494e+01  8.11443e-05  8.11443e-05
9.44502e+01  8.03333e-05  8.03333e-05
9.47518e+01  7.95409e-05  7.95409e-05
9.50542e+01  7.87565e-05  7.87565e-05
9.53574e+01  7.79781e-05  7.79781e-05
9.56615e+01  7.71937e-05  7.71937e-05
9.59663e+01  7.64390e-05  7.64390e-05
9.62720e+01  7.56915e-05  7.56915e-05
9.65784e+01  7.49610e-05  7.49610e-05
9.68857e+01  7.42317e-05  7.42317e-05
9.71938e+01  7.34958e-05  7.34958e-05
9.75027e+01  7.27869e-05  7.27869e-05
9.78125e+01  7.20854e-05  7.20854e-05
9.81230e+01  7.13795e-05  7.13795e-05
9.84344e+01  7.06858e-05  7.06858e-05
9.87467e+01  6.99914e-05  6.99914e-05
9.90597e+01  6.93273e-05  6.93273e-05
9.93736e+01  6.86603e-05  6.86603e-05
9.96883e+01  6.79974e-05  6.79974e-05
1.00004e+02  6.73442e-05  6.73442e-05
1.00320e+02  6.67011e-05  6.67011e-05
1.00638e+02  6.60631e-05  6.60631e-05
1.00956e+02  6.54229e-05  6.54229e-05
1.01275e+02  6.47994e-05  6.47994e-05
1.01594e+02  6.41945e-05  6.41945e-05
1.01915e+02  6.35918e-05  6.35918e-05
1.02237e+02  6.29742e-05  6.29742e-05
1.02559e+02  6.23806e-05  6.23806e-05
1.02882e+02  6.17956e-05  6.17956e-05
1.03206e+02  6.12189e-05  6.12189e-05
1.03531e+02  6.06311e-05  6.06311e-05
1.03857e+02  6.00621e-05  6.00621e-05
1.04184e+02  5.95023e-05  5.95023e-05
1.04511e+02  5.89611e-05  5.89611e-05
1.04840e+02  5.83980e-05  5.83980e-05
1.05169e+02  5.78512e-05  5.78512e-05
1.05499e+02  5.73107e-05  5.73107e-05
1.05830e+02  5.67842e-05  5.67842e-05
1.06162e+02  5.62473e-05  5.62473e-05
1.06495e+02  5.57283e-05  5.57283e-05
1.06828e+02  5.52241e-05  5.52241e-05
1.07163e+02  5.47201e-05  5.47201e-05
1.07499e+02  5.42084e-05  5.42084e-05
1.07835e+02  5.37088e-05  5.37088e-05
1.08172e+02  5.32225e-05  5.32225e-05
1.08510e+02  5.27375e-05  5.27375e-05
1.08849e+02  5.22482e-05  5.22482e-05
1.09189e+02  5.17761e-05  5.17761e-05
1.09530e+02  5.13135e-05  5.13135e-05
1.09872e+02  5.08497e-05  5.08497e-05
1.10215e+02  5.03808e-05  5.03808e-05
1.10558e+02  4.99219e-05  4.99219e-05
1.10903e+02  4.94694e-05  4.94694e-05
1.11248e+02  4.90193e-05  4.90193e-05
1.11595e+02  4.85868e-05  4.85868e-05
1.11942e+02  4.81478e-05  4.81478e-05
1.12290e+02  4.77289e-05  4.77289e-05
1.12639e+02  4.72933e-05  4.72933e-05
1.12989e+02  4.68703e-05  4.68703e-05
1.13340e+02  4.64520e-05  4.64520e-05
1.13692e+02  4.60328e-05  4.60328e-05
1.14045e+02  4.56331e-05  4.56331e-05
1.14399e+02  4.52285e-05  4.52285e-05
1.14754e+02  4.48359e-05  4.48359e-05
1.15109e+02  4.44378e-05  4.44378e-05
1.15466e+02  4.40466e-05  4.40466e-05
1.15824e+02  4.36581e-05  4.36581e-05
1.16182e+02  4.32664e-05  4.32664e-05
1.16542e+02  4.28981e-05  4.28981e-05
1.16902e+02  4.25195e-05  4.25195e-05
1.17264e+02  4.21456e-05  4.21456e-05
1.17626e+02  4.17816e-05  4.17816e-05
1.17989e+02  4.14212e-05  4.14212e-05
1.18354e+02  4.10605e-05  4.10605e-05
1.18719e+02  4.07007e-05  4.07007e-05
1.19085e+02  4.03559e-05  4.03559e-05
1.19453e+02  4.00093e-05  4.00093e-05
1.19821e+02  3.96578e-05  3.96578e-05
1.20190e+02  3.93220e-05  3.93220e-05
1.20560e+02  3.89831e-05  3.89831e-05
1.20931e+02  3.86517e-05  3.86517e-05
1.21303e+02  3.83212e-05  3.83212e-05
1.21677e+02  3.79934e-05  3.79934e-05
1.22051e+02  3.76714e-05  3.76714e-05
1.22426e+02  3.73485e-05  3.73485e-05
1.22802e+02  3.70373e-05  3.70373e-05
1.23179e+02  3.67184e-05  3.67184e-05
1.23557e+02  3.64103e-05  3.64103e-05
1.23936e+02  3.61067e-05  3.61067e-05
1.24317e+02  3.57998e-05  3.57998e-05
1.24698e+02  3.55023e-05  3.55023e-05
1.25080e+02  3.52014e-05  3.52014e-05
1.25463e+02  3.49084e-05  3.49084e-05
1.25847e+02  3.46192e-05  3.46192e-05
1.26233e+02  3.43313e-05  3.43313e-05
1.26619e+02  3.40463e-05  3.40463e-05
1.27006e+02  3.37597e-05  3.37597e-05
1.27395e+02  3.34794e-05  3.34794e-05
1.27784e+02  3.32070e-05  3.32070e-05
1.28174e+02  3.29308e-05  3.29308e-05
1.28566e+02  3.26628e-05  3.26628e-05
1.28958e+02  3.23924e-05  3.23924e-05
1.29352e+02  3.21253e-05  3.21253e-05
1.29746e+02  3.18622e-05  3.18622e-05
1.30142e+02  3.16003e-05  3.16003e-05
1.30539e+02  3.13435e-05  3.13435e-05
1.30937e+02  3.10904e-05  3.10904e-05
1.31335e+02  3.08411e-05  3.08411e-05
1.31735e+02  3.05894e-05  3.05894e-05
1.32136e+02  3.03389e-05  3.03389e-05
1.32538e+02  3.00948e-05  3.00948e-05
1.32941e+02  2.98514e-05  2.98514e-05
1.33345e+02  2.96097e-05  2.96097e-05
1.33751e+02  2.93763e-05  2.93763e-05
1.34157e+02  2.91365e-05  2.91365e-05
1.34564e+02  2.89036e-05  2.89036e-05
1.34973e+02  2.86768e-05  2.86768e-05
1.35382e+02  2.84441e-05  2.84441e-05
1.35793e+02  2.82143e-05  2.82143e-05
1.36205e+02  2.79931e-05  2.79931e-05
1.36618e+02  2.77736e-05  2.77736e-05
1.37032e+02  2.75489e-05  2.75489e-05
1.37447e+02  2.73341e-05  2.73341e-05
1.37863e+02  2.71218e-05  2.71218e-05
1.38280e+02  2.69039e-05  2.69039e-05
1.38698e+02  2.66934e-05  2.66934e-05
1.39118e+02  2.64883e-05  2.64883e-05
1.39539e+02  2.62770e-05  2.62770e-05
1.39960e+02  2.60722e-05  2.60722e-05
1.40383e+02  2.58698e-05  2.58698e-05
1.40807e+02  2.56679e-05  2.56679e-05
1.41232e+02  2.54653e-05  2.54653e-05
1.41658e+02  2.52699e-05  2.52699e-05
1.42086e+02  2.50754e-05  2.50754e-05
1.42514e+02  2.48764e-05  2.48764e-05
1.42944e+02  2.46897e-05  2.46897e-05
1.43375e+02  2.45028e-05  2.45028e-05
1.43807e+02  2.43102e-05  2.43102e-05
1.44240e+02  2.41238e-05  2.41238e-05
1.44674e+02  2.39387e-05  2.39387e-05
1.45109e+02  2.37537e-05  2.37537e-05
1.45546e+02  2.35727e-05  2.35727e-05
1.45984e+02  2.33958e-05  2.33958e-05
1.46423e+02  2.32171e-05  2.32171e-05
1.46863e+02  2.30387e-05  2.30387e-05
1.47304e+02  2.28664e-05  2.28664e-05
1.47746e+02  2.26917e-05  2.26917e-05
1.48190e+02  2.25201e-05  2.25201e-05
1.48635e+02  2.23534e-05  2.23534e-05
1.49081e+02  2.21875e-05  2.21875e-05
1.49528e+02  2.20180e-05  2.20180e-05
1.49976e+02  2.18514e-05  2.18514e-05
1.50426e+02  2.16879e-05  2.16879e-05
1.50876e+02  2.15237e-05  2.15237e-05
1.51328e+02  2.13676e-05  2.13676e-05
1.51782e+02  2.12102e-05  2.12102e-05
1.52236e+02  2.10489e-05  2.10489e-05
1.52691e+02  2.08915e-05  2.08915e-05
1.53148e+02  2.07363e-05  2.07363e-05
1.53606e+02  2.05849e-05  2.05849e-05
1.54065e+02  2.04334e-05  2.04334e-05
1.54526e+02  2.02821e-05  2.02821e-05
1.54987e+02  2.01345e-05  2.01345e-05
1.55450e+02  1.99839e-05  1.99839e-05
1.55914e+02  1.98389e-05  1.98389e-05
1.56380e+02  1.96961e-05  1.96961e-05
1.56846e+02  1.95501e-05  1.95501e-05
1.57314e+02  1.94094e-05  1.94094e-05
1.57783e+02  1.92651e-05  1.92651e-05
1.58254e+02  1.91255e-05  1.91255e-05
1.58725e+02  1.89867e-05  1.89867e-05
1.59198e+02  1.88514e-05  1.88514e-05
1.59672e+02  1.87163e-05  1.87163e-05
1.60147e+02  1.85805e-05  1.85805e-05
1.60624e+02  1.84448e-05  1.84448e-05
1.61102e+02  1.83101e-05  1.83101e-05
1.61581e+02  1.81819e-05  1.81819e-05
1.62062e+02  1.80531e-05  1.80531e-05
1.62543e+02  1.79236e-05  1.79236e-05
1.63026e+02  1.77932e-05  1.77932e-05
1.63511e+02  1.76645e-05  1.76645e-05
1.63996e+02  1.75415e-05  1.75415e-05
1.64483e+02  1.74182e-05  1.74182e-05
1.64971e+02  1.72948e-05  1.72948e-05
1.65461e+02  1.71692e-05  1.71692e-05
1.65952e+02  1.70485e-05  1.70485e-05
1.66444e+02  1.69293e-05  1.69293e-05
1.66937e+02  1.68093e-05  1.68093e-05
1.67432e+02  1.66928e-05  1.66928e-05
1.67928e+02  1.65744e-05  1.65744e-05
1.68425e+02  1.64568e-05  1.64568e-05
1.68924e+02  1.63433e-05  1.63433e-05
1.69424e+02  1.62278e-05  1.62278e-05
1.69925e+02  1.61173e-05  1.61173e-05
1.70428e+02  1.60034e-05  1.60034e-05
1.70932e+02  1.58927e-05  1.58927e-05
1.71437e+02  1.57819e-05  1.57819e-05
1.71944e+02  1.56719e-05  1.56719e-05
1.72452e+02  1.55630e-05  1.55630e-05
1.72961e+02  1.54575e-05  1.54575e-05
1.73472e+02  1.53517e-05  1.53517e-05
1.73984e+02  1.52436e-05  1.52436e-05
1.74498e+02  1.51412e-05  1.51412e-05
1.75013e+02  1.50352e-05  1.50352e-05
1.75529e+02  1.49346e-05  1.49346e-05
1.76046e+02  1.48302e-05  1.48302e-05
1.76565e+02  1.47276e-05  1.47276e-05
1.77086e+02  1.46303e-05  1.46303e-05
1.77608e+02  1.45283e-05  1.45283e-05
1.78131e+02  1.44306e-05  1.44306e-05
1.78655e+02  1.43323e-05  1.43323e-05
1.79181e+02  1.42358e-05  1.42358e-05
1.79709e+02  1.41392e-05  1.41392e-05
1.80237e+02  1.40438e-05  1.40438e-05
1.80767e+02  1.39491e-05  1.39491e-05
1.81299e+02  1.38569e-05  1.38569e-05
1.81832e+02  1.37627e-05  1.37627e-05
1.82366e+02  1.36701e-05  1.36701e-05
1.82902e+02  1.35782e-05  1.35782e-05
1.83439e+02  1.34880e-05  1.34880e-05
1.83978e+02  1.33956e-05  1.33956e-05
1.84518e+02  1.33073e-05  1.33073e-05
1.85060e+02  1.32207e-05  1.32207e-05
1.85603e+02  1.31328e-05  1.31328e-05
1.86147e+02  1.30465e-05  1.30465e-05
1.86693e+02  1.29586e-05  1.29586e-05
1.87240e+02  1.28734e-05  1.28734e-05
1.87789e+02  1.27889e-05  1.27889e-05
1.88339e+02  1.27046e-05  1.27046e-05
1.88891e+02  1.26199e-05  1.26199e-05
1.89444e+02  1.25358e-05  1.25358e-05
1.89999e+02  1.24544e-05  1.24544e-05
1.90555e+02  1.23735e-05  1.23735e-05
1.91113e+02  1.22933e-05  1.22933e-05
1.91672e+02  1.22115e-05  1.22115e-05
1.92233e+02  1.21324e-05  1.21324e-05
1.92795e+02  1.20540e-05  1.20540e-05
1.93358e+02  1.19759e-05  1.19759e-05
1.93923e+02  1.18989e-05  1.18988e-05
1.94490e+02  1.18197e-05  1.18197e-05
1.95058e+02  1.17429e-05  1.17429e-05
1.95628e+02  1.16672e-05  1.16672e-05
1.96199e+02  1.15935e-05  1.15934e-05
1.96772e+02  1.15191e-05  1.15191e-05
1.97346e+02  1.14439e-05  1.14439e-05
1.97921e+02  1.13711e-05  1.13711e-05
1.98499e+02  1.12982e-05  1.12982e-05
1.99078e+02  1.12264e-05  1.12264e-05
1.99658e+02  1.11537e-05  1.11537e-05
2.00240e+02  1.10825e-05  1.10825e-05
2.00823e+02  1.10124e-05  1.10124e-05
2.01408e+02  1.09421e-05  1.09421e-05
2.01995e+02  1.08729e-05  1.08729e-05
2.02583e+02  1.08033e-05  1.08033e-05
2.03172e+02  1.07354e-05  1.07354e-05
2.03764e+02  1.06672e-05  1.06671e-05
2.04357e+02  1.05994e-05  1.05994e-05
2.04951e+02  1.05315e-05  1.05315e-05
2.05547e+02  1.04666e-05  1.04665e-05
2.06145e+02  1.03992e-05  1.03992e-05
2.06744e+02  1.03357e-05  1.03356e-05
2.07344e+02  1.02692e-05  1.02691e-05
2.07947e+02  1.02078e-05  1.02077e-05
2.08551e+02  1.01420e-05  1.01419e-05
2.09156e+02  1.00790e-05  1.00790e-05
2.09764e+02  1.00159e-05  1.00158e-05
2.10372e+02  9.95486e-06  9.95483e-06
2.10983e+02  9.89145e-06  9.89142e-06
2.11595e+02  9.83106e-06  9.83103e-06
2.12208e+02  9.77026e-06  9.77023e-06
2.12824e+02  9.71011e-06  9.71007e-06
2.13441e+02  9.64884e-06  9.64881e-06
2.14059e+02  9.59012e-06  9.59008e-06
2.14680e+02  9.53094e-06  9.53091e-06
2.15302e+02  9.47344e-06  9.47340e-06
2.15925e+02  9.41296e-06  9.41292e-06
2.16550e+02  9.35574e-06  9.35570e-06
2.17177e+02  9.29845e-06  9.29840e-06
2.17806e+02  9.24188e-06  9.24183e-06
2.18436e+02  9.18421e-06  9.18416e-06
2.19068e+02  9.12999e-06  9.12994e-06
2.19701e+02  9.07438e-06  9.07433e-06
2.20337e+02  9.01879e-06  9.01873e-06
2.20974e+02  8.96297e-06  8.96291e-06
2.21612e+02  8.90895e-06  8.90889e-06
2.22253e+02  8.85486e-06  8.85479e-06
2.22895e+02  8.80163e-06  8.80156e-06
2.23539e+02  8.74806e-06  8.74798e-06
2.24184e+02  8.69706e-06  8.69698e-06
2.24831e+02  8.64383e-06  8.64374e-06
2.25480e+02  8.59257e-06  8.59248e-06
2.26131e+02  8.54026e-06  8.54017e-06
2.26783e+02  8.48984e-06  8.48974e-06
2.27437e+02  8.43767e-06  8.43757e-06
2.28093e+02  8.38677e-06  8.38666e-06
2.28751e+02  8.33674e-06  8.33663e-06
2.29410e+02  8.28684e-06  8.28672e-06
2.30072e+02  8.23798e-06  8.23785e-06
2.30734e+02  8.18886e-06  8.18873e-06
2.31399e+02  8.14024e-06  8.14011e-06
2.32066e+02  8.09098e-06  8.09084e-06
2.32734e+02  8.04385e-06  8.04370e-06
2.33404e+02  7.99646e-06  7.99630e-06
2.34076e+02  7.94842e-06  7.94825e-06
2.34749e+02  7.90142e-06  7.90124e-06
2.35424e+02  7.85585e-06  7.85566e-06
2.36102e+02  7.80949e-06  7.80929e-06
2.36781e+02  7.76257e-06  7.76236e-06
2.37461e+02  7.71715e-06  7.71694e-06
2.38144e+02  7.67331e-06  7.67308e-06
2.38828e+02  7.62852e-06  7.62827e-06
2.39515e+02  7.58178e-06  7.58153e-06
2.40203e+02  7.53945e-06  7.53918e-06
2.40893e+02  7.49517e-06  7.49488e-06
2.41584e+02  7.45133e-06  7.45103e-06
2.42278e+02  7.40645e-06  7.40613e-06
2.42973e+02  7.36503e-06  7.36469e-06
2.43671e+02  7.32201e-06  7.32166e-06
2.44370e+02  7.27908e-06  7.27870e-06
2.45071e+02  7.23673e-06  7.23633e-06
2.45774e+02  7.19606e-06  7.19564e-06
2.46478e+02  7.15355e-06  7.15311e-06
2.47185e+02  7.11224e-06  7.11177e-06
2.47893e+02  7.07161e-06  7.07111e-06
2.48604e+02  7.03090e-06  7.03038e-06
2.49316e+02  6.99023e-06  6.98967e-06
2.50030e+02  6.95056e-06  6.94996e-06
2.50746e+02  6.91080e-06  6.91016e-06
2.51464e+02  6.87095e-06  6.87028e-06
2.52184e+02  6.83248e-06  6.83177e-06
2.52906e+02  6.79246e-06  6.79170e-06
2.53630e+02  6.75364e-06  6.75283e-06
2.54355e+02  6.71602e-06  6.71515e-06
2.55083e+02  6.67737e-06  6.67645e-06
2.55812e+02  6.63939e-06  6.63841e-06
2.56544e+02  6.60255e-06  6.60150e-06
2.57277e+02  6.56435e-06  6.56321e-06
2.58013e+02  6.52748e-06  6.52627e-06
2.58750e+02  6.49019e-06  6.48889e-06
2.59489e+02  6.45409e-06  6.45269e-06
2.60231e+02  6.41742e-06  6.41591e-06
2.60974e+02  6.38156e-06  6.37994e-06
2.61719e+02  6.34690e-06  6.34514e-06
2.62466e+02  6.30976e-06  6.30786e-06
2.63216e+02  6.27508e-06  6.27301e-06
2.63967e+02  6.23973e-06  6.23748e-06
2.64720e+02  6.20508e-06  6.20264e-06
2.65475e+02  6.17059e-06  6.16792e-06
2.66232e+02  6.13642e-06  6.13350e-06
2.66992e+02  6.10315e-06  6.09994e-06
2.67753e+02  6.06924e-06  6.06570e-06
2.68516e+02  6.03573e-06  6.03181e-06
2.69281e+02  6.00120e-06  5.99685e-06
2.70049e+02  5.96958e-06  5.96472e-06
2.70818e+02  5.93749e-06  5.93205e-06
2.71590e+02  5.90456e-06  5.89847e-06
2.72363e+02  5.87329e-06  5.86650e-06
2.73139e+02  5.84169e-06  5.83413e-06
2.73916e+02  5.80937e-06  5.80101e-06
2.74696e+02  5.77790e-06  5.76867e-06
2.75478e+02  5.74762e-06  5.73748e-06
2.76262e+02  5.71678e-06  5.70571e-06
2.77048e+02  5.68664e-06  5.67458e-06
2.77836e+02  5.65699e-06  5.64392e-06
2.78626e+02  5.62627e-06  5.61216e-06
2.79418e+02  5.59636e-06  5.58119e-06
2.80213e+02  5.56668e-06  5.55048e-06
2.81009e+02  5.53709e-06  5.51987e-06
2.81808e+02  5.50875e-06  5.49056e-06
2.82608e+02  5.47981e-06  5.46073e-06
2.83411e+02  5.45121e-06  5.43133e-06
2.84216e+02  5.42169e-06  5.40114e-06
2.85023e+02  5.39212e-06  5.37107e-06
2.85833e+02  5.36337e-06  5.34199e-06
2.86644e+02  5.33464e-06  5.31311e-06
2.87458e+02  5.30647e-06  5.28488e-06
2.88273e+02  5.27795e-06  5.25637e-06
2.89091e+02  5.24894e-06  5.22744e-06
2.89912e+02  5.22015e-06  5.19876e-06
2.90734e+02  5.19214e-06  5.17090e-06
2.91558e+02  5.16432e-06  5.14324e-06
2.92385e+02  5.13639e-06  5.11548e-06
2.93214e+02  5.10835e-06  5.08763e-06
2.94045e+02  5.08128e-06  5.06076e-06
2.94878e+02  5.05344e-06  5.03317e-06
2.95714e+02  5.02581e-06  5.00580e-06
2.96552e+02  4.99993e-06  4.98017e-06
2.97392e+02  4.97234e-06  4.95283e-06
2.98234e+02  4.94546e-06  4.92620e-06
2.99078e+02  4.91897e-06  4.89998e-06
2.99925e+02  4.89276e-06  4.87404e-06
3.00774e+02  4.86610e-06  4.84767e-06
3.01625e+02  4.83998e-06  4.82186e-06
3.02479e+02  4.81451e-06  4.79671e-06
3.03335e+02  4.78854e-06  4.77108e-06
3.04193e+02  4.76311e-06  4.74599e-06
3.05053e+02  4.73752e-06  4.72076e-06
3.05916e+02  4.71136e-06  4.69494e-06
3.06781e+02  4.68638e-06  4.67030e-06
3.07648e+02  4.66179e-06  4.64605e-06
3.08518e+02  4.63626e-06  4.62086e-06
3.09389e+02  4.61216e-06  4.59709e-06
3.10264e+02  4.58737e-06  4.57261e-06
3.11140e+02  4.56295e-06  4.54850e-06
3.12019e+02  4.53880e-06  4.52465e-06
3.12900e+02  4.51489e-06  4.50102e-06
3.13784e+02  4.49056e-06  4.47697e-06
3.14670e+02  4.46720e-06  4.45389e-06
3.15558e+02  4.44358e-06  4.43053e-06
3.16449e+02  4.41984e-06  4.40704e-06
3.17342e+02  4.39680e-06  4.38424e-06
3.18237e+02  4.37345e-06  4.36111e-06
3.19135e+02  4.35045e-06  4.33834e-06
3.20035e+02  4.32779e-06  4.31588e-06
3.20938e+02  4.30492e-06  4.29322e-06
3.21843e+02  4.28228e-06  4.27077e-06
3.22750e+02  4.26009e-06  4.24877e-06
3.23660e+02  4.23725e-06  4.22610e-06
3.24572e+02  4.21590e-06  4.20492e-06
3.25487e+02  4.19404e-06  4.18321e-06
3.26404e+02  4.17152e-06  4.16085e-06
3.27323e+02  4.15064e-06  4.14012e-06
3.28245e+02  4.12876e-06  4.11838e-06
3.29170e+02  4.10700e-06  4.09675e-06
3.30097e+02  4.08601e-06  4.07589e-06
3.31026e+02  4.06479e-06  4.05478e-06
3.31958e+02  4.04365e-06  4.03375e-06
3.32892e+02  4.02309e-06  4.01328e-06
3.33829e+02  4.00191e-06  3.99220e-06
3.34768e+02  3.98114e-06  3.97151e-06
3.35710e+02  3.96143e-06  3.95189e-06
3.36654e+02  3.94083e-06  3.93136e-06
3.37601e+02  3.92100e-06  3.91160e-06
3.38551e+02  3.90071e-06  3.89136e-06
3.39502e+02  3.88022e-06  3.87092e-06
3.40457e+02  3.86105e-06  3.85180e-06
3.41414e+02  3.84102e-06  3.83180e-06
3.42373e+02  3.82146e-06  3.81227e-06
3.43335e+02  3.80196e-06  3.79280e-06
3.44300e+02  3.78184e-06  3.77269e-06
3.45267e+02  3.76339e-06  3.75426e-06
3.46237e+02  3.74490e-06  3.73577e-06
3.47209e+02  3.72557e-06  3.71644e-06
3.48184e+02  3.70683e-06  3.69770e-06
3.49162e+02  3.68760e-06  3.67845e-06
3.50142e+02  3.66899e-06  3.65982e-06
3.51125e+02  3.65101e-06  3.64181e-06
3.52110e+02  3.63229e-06  3.62307e-06
3.53098e+02  3.61421e-06  3.60495e-06
3.54089e+02  3.59600e-06  3.58670e-06
3.55082e+02  3.57770e-06  3.56836e-06
3.56078e+02  3.56027e-06  3.55088e-06
3.57077e+02  3.54215e-06  3.53270e-06
3.58078e+02  3.52416e-06  3.51465e-06
3.59082e+02  3.50692e-06  3.49735e-06
3.60088e+02  3.48909e-06  3.47945e-06
3.61098e+02  3.47189e-06  3.46218e-06
3.62110e+02  3.45437e-06  3.44458e-06
3.63124e+02  3.43758e-06  3.42771e-06
3.64142e+02  3.42074e-06  3.41079e-06
3.65162e+02  3.40357e-06  3.39353e-06
3.66184e+02  3.38648e-06  3.37634e-06
3.67210e+02  3.36958e-06  3.35936e-06
3.68238e+02  3.35307e-06  3.34274e-06
3.69269e+02  3.33687e-06  3.32643e-06
3.70303e+02  3.32003e-06  3.30949e-06
3.71339e+02  3.30348e-06  3.29283e-06
3.72379e+02  3.28733e-06  3.27656e-06
3.73421e+02  3.27145e-06  3.26056e-06
3.74465e+02  3.25577e-06  3.24477e-06
3.75513e+02  3.23914e-06  3.22801e-06
3.76563e+02  3.22319e-06  3.21194e-06
3.77616e+02  3.20744e-06  3.19606e-06
3.78672e+02  3.19237e-06  3.18085e-06
3.79731e+02  3.17652e-06  3.16486e-06
3.80793e+02  3.16088e-06  3.14909e-06
3.81857e+02  3.14561e-06  3.13367e-06
3.82924e+02  3.13016e-06  3.11808e-06
3.83995e+02  3.11538e-06  3.10316e-06
3.85067e+02  3.09972e-06  3.08734e-06
3.86143e+02  3.08509e-06  3.07256e-06
3.87222e+02  3.07003e-06  3.05734e-06
3.88304e+02  3.05481e-06  3.04196e-06
3.89388e+02  3.04047e-06  3.02746e-06
3.90475e+02  3.02537e-06  3.01219e-06
3.91565e+02  3.01141e-06  2.99806e-06
3.92659e+02  2.99663e-06  2.98311e-06
3.93755e+02  2.98182e-06  2.96813e-06
3.94854e+02  2.96777e-06  2.95390e-06
3.95955e+02  2.95351e-06  2.93946e-06
3.97060e+02  2.93973e-06  2.92550e-06
3.98168e+02  2.92510e-06  2.91069e-06
3.99279e+02  2.91118e-06  2.89657e-06
4.00392e+02  2.89735e-06  2.88255e-06
4.01509e+02  2.88400e-06  2.86900e-06
4.02629e+02  2.86979e-06  2.85459e-06
4.03751e+02  2.85590e-06  2.84050e-06
4.04877e+02  2.84224e-06  2.82664e-06
4.06005e+02  2.82906e-06  2.81325e-06
4.07137e+02  2.81562e-06  2.79960e-06
4.08272e+02  2.80230e-06  2.78605e-06
4.09409e+02  2.78902e-06  2.77255e-06
4.10550e+02  2.77573e-06  2.75904e-06
4.11694e+02  2.76271e-06  2.74579e-06
4.12840e+02  2.74966e-06  2.73251e-06
4.13990e+02  2.73696e-06  2.71957e-06
4.15143e+02  2.72390e-06  2.70628e-06
4.16299e+02  2.71113e-06  2.69326e-06
4.17458e+02  2.69804e-06  2.67993e-06
4.18620e+02  2.68573e-06  2.66737e-06
4.19785e+02  2.67312e-06  2.65450e-06
4.20953e+02  2.66025e-06  2.64137e-06
4.22125e+02  2.64778e-06  2.62864e-06
4.23299e+02  2.63593e-06  2.61653e-06
4.24477e+02  2.62380e-06  2.60413e-06
4.25658e+02  2.61124e-06  2.59130e-06
4.26842e+02  2.59883e-06  2.57862e-06
4.28029e+02  2.58708e-06  2.56658e-06
4.29219e+02  2.57536e-06  2.55458e-06
4.30413e+02  2.56323e-06  2.54215e-06
4.31609e+02  2.55095e-06  2.52958e-06
4.32809e+02  2.53944e-06  2.51778e-06
4.34012e+02  2.52814e-06  2.50617e-06
4.35218e+02  2.51631e-06  2.49403e-06
4.36428e+02  2.50460e-06  2.48201e-06
4.37640e+02  2.49312e-06  2.47021e-06
4.38856e+02  2.48198e-06  2.45874e-06
4.40075e+02  2.47030e-06  2.44674e-06
4.41297e+02  2.45896e-06  2.43506e-06
4.42523e+02  2.44790e-06  2.42365e-06
4.43752e+02  2.43680e-06  2.41221e-06
4.44984e+02  2.42562e-06  2.40068e-06
4.46220e+02  2.41452e-06  2.38921e-06
4.47458e+02  2.40392e-06  2.37825e-06
4.48700e+02  2.39285e-06  2.36681e-06
4.49946e+02  2.38203e-06  2.35561e-06
4.51194e+02  2.37109e-06  2.34428e-06
4.52446e+02  2.36057e-06  2.33337e-06
4.53701e+02  2.34964e-06  2.32204e-06
4.54960e+02  2.33915e-06  2.31114e-06
4.56222e+02  2.32874e-06  2.30033e-06
4.57487e+02  2.31857e-06  2.28973e-06
4.58756e+02  2.30787e-06  2.27860e-06
4.60028e+02  2.29792e-06  2.26821e-06
4.61304e+02  2.28790e-06  2.25775e-06
4.62583e+02  2.27773e-06  2.24711e-06
4.63865e+02  2.26725e-06  2.23617e-06
4.65151e+02  2.25743e-06  2.22588e-06
4.66440e+02  2.24760e-06  2.21557e-06
4.67733e+02  2.23757e-06  2.20504e-06
4.69029e+02  2.22730e-06  2.19427e-06
4.70328e+02  2.21767e-06  2.18413e-06
4.71631e+02  2.20834e-06  2.17427e-06
4.72937e+02  2.19866e-06  2.16406e-06
4.74247e+02  2.18893e-06  2.15377e-06
4.75561e+02  2.17950e-06  2.14379e-06
4.76878e+02  2.17034e-06  2.13406e-06
4.78198e+02  2.16071e-06  2.12385e-06
4.79522e+02  2.15132e-06  2.11387e-06
4.80849e+02  2.14219e-06  2.10414e-06
4.82180e+02  2.13298e-06  2.09431e-06
4.83515e+02  2.12370e-06  2.08440e-06
4.84853e+02  2.11480e-06  2.07486e-06
4.86194e+02  2.10592e-06  2.06533e-06
4.87540e+02  2.09697e-06  2.05570e-06
4.88888e+02  2.08779e-06  2.04583e-06
4.90241e+02  2.07942e-06  2.03677e-06
4.91597e+02  2.07067e-06  2.02731e-06
4.92956e+02  2.06174e-06  2.01765e-06
4.94320e+02  2.05315e-06  2.00833e-06
4.95686e+02  2.04491e-06  1.99934e-06
4.97057e+02  2.03637e-06  1.99002e-06
4.98431e+02  2.02734e-06  1.98023e-06
4.99809e+02  2.01940e-06  1.97149e-06
5.01190e+02  2.01119e-06  1.96247e-06
5.02576e+02  2.00294e-06  1.95341e-06
5.03964e+02  1.99411e-06  1.94375e-06
5.05357e+02  1.98669e-06  1.93548e-06
5.06753e+02  1.97856e-06  1.92650e-06
5.08153e+02  1.97033e-06  1.91741e-06
5.09557e+02  1.96216e-06  1.90835e-06
5.10964e+02  1.95486e-06  1.90015e-06
5.12376e+02  1.94686e-06  1.89124e-06
5.13790e+02  1.93885e-06  1.88230e-06
5.15209e+02  1.93127e-06  1.87377e-06
5.16632e+02  1.92393e-06  1.86546e-06
5.18058e+02  1.91602e-06  1.85654e-06
5.19488e+02  1.90860e-06  1.84807e-06
5.20922e+02  1.90123e-06  1.83958e-06
5.22360e+02  1.89425e-06  1.83141e-06
5.23801e+02  1.88670e-06  1.82259e-06
5.25247e+02  1.87991e-06  1.81449e-06
5.26696e+02  1.87306e-06  1.80628e-06
5.28149e+02  1.86602e-06  1.79783e-06
5.29606e+02  1.85924e-06  1.78963e-06
5.31067e+02  1.85245e-06  1.78139e-06
5.32532e+02  1.84581e-06  1.77329e-06
5.34000e+02  1.83904e-06  1.76506e-06
5.35473e+02  1.83274e-06  1.75732e-06
5.36949e+02  1.82597e-06  1.74913e-06
5.38430e+02  1.81933e-06  1.74108e-06
5.39914e+02  1.81285e-06  1.73323e-06
5.41402e+02  1.80651e-06  1.72552e-06
5.42895e+02  1.79982e-06  1.71747e-06
5.44391e+02  1.79324e-06  1.70955e-06
5.45891e+02  1.78701e-06  1.70198e-06
5.47395e+02  1.78066e-06  1.69432e-06
5.48904e+02  1.77407e-06  1.68642e-06
5.50416e+02  1.76774e-06  1.67879e-06
5.51932e+02  1.76144e-06  1.67121e-06
5.53452e+02  1.75505e-06  1.66356e-06
5.54977e+02  1.74868e-06  1.65595e-06
5.56505e+02  1.74254e-06  1.64858e-06
5.58038e+02  1.73627e-06  1.64109e-06
5.59574e+02  1.72988e-06  1.63350e-06
5.61115e+02  1.72378e-06  1.62621e-06
5.62660e+02  1.71756e-06  1.61882e-06
5.64209e+02  1.71130e-06  1.61139e-06
5.65762e+02  1.70524e-06  1.60418e-06
5.67319e+02  1.69896e-06  1.59676e-06
5.68880e+02  1.69303e-06  1.58968e-06
5.70446e+02  1.68708e-06  1.58257e-06
5.72015e+02  1.68100e-06  1.57533e-06
5.73589e+02  1.67510e-06  1.56827e-06
5.75167e+02  1.66942e-06  1.56142e-06
5.76750e+02  1.66333e-06  1.55415e-06
5.78336e+02  1.65754e-06  1.54715e-06
5.79927e+02  1.65201e-06  1.54040e-06
5.81522e+02  1.64618e-06  1.53333e-06
5.83121e+02  1.64049e-06  1.52639e-06
5.84724e+02  1.63510e-06  1.51974e-06
5.86332e+02  1.62929e-06  1.51265e-06
5.87944e+02  1.62376e-06  1.50583e-06
5.89560e+02  1.61843e-06  1.49918e-06
5.91181e+02  1.61306e-06  1.49247e-06
5.92806e+02  1.60763e-06  1.48569e-06
5.94435e+02  1.60233e-06  1.47904e-06
5.96068e+02  1.59711e-06  1.47245e-06
5.97706e+02  1.59179e-06  1.46573e-06
5.99348e+02  1.58672e-06  1.45920e-06
6.00995e+02  1.58158e-06  1.45258e-06
6.02646e+02  1.57672e-06  1.44623e-06
6.04302e+02  1.57178e-06  1.43978e-06
6.05961e+02  1.56674e-06  1.43325e-06
6.07626e+02  1.56186e-06  1.42683e-06
6.09294e+02  1.55725e-06  1.42060e-06
6.10968e+02  1.55250e-06  1.41421e-06
6.12645e+02  1.54780e-06  1.40783e-06
6.14327e+02  1.54318e-06  1.40155e-06
6.16014e+02  1.53858e-06  1.39529e-06
6.17705e+02  1.53402e-06  1.38904e-06
6.19400e+02  1.52962e-06  1.38284e-06
6.21100e+02  1.52530e-06  1.37672e-06
6.22805e+02  1.52097e-06  1.37055e-06
6.24514e+02  1.51673e-06  1.36447e-06
6.26228e+02  1.51245e-06  1.35835e-06
6.27946e+02  1.50815e-06  1.35220e-06
6.29669e+02  1.50418e-06  1.34633e-06
6.31396e+02  1.50005e-06  1.34028e-06
6.33128e+02  1.49602e-06  1.33428e-06
6.34865e+02  1.49209e-06  1.32841e-06
6.36606e+02  1.48818e-06  1.32251e-06
6.38352e+02  1.48427e-06  1.31657e-06
6.40103e+02  1.48045e-06  1.31074e-06
6.41858e+02  1.47671e-06  1.30498e-06
6.43618e+02  1.47278e-06  1.29899e-06
6.45382e+02  1.46936e-06  1.29349e-06
6.47152e+02  1.46570e-06  1.28775e-06
6.48926e+02  1.46194e-06  1.28187e-06
6.50704e+02  1.45855e-06  1.27637e-06
6.52488e+02  1.45499e-06  1.27073e-06
6.54276e+02  1.45139e-06  1.26496e-06
6.56069e+02  1.44805e-06  1.25945e-06
6.57867e+02  1.44466e-06  1.25394e-06
6.59669e+02  1.44122e-06  1.24832e-06
6.61477e+02  1.43796e-06  1.24284e-06
6.63289e+02  1.43461e-06  1.23731e-06
6.65106e+02  1.43141e-06  1.23186e-06
6.66928e+02  1.42815e-06  1.22639e-06
6.68754e+02  1.42502e-06  1.22102e-06
6.70586e+02  1.42186e-06  1.21558e-06
6.72422e+02  1.41879e-06  1.21024e-06
6.74264e+02  1.41569e-06  1.20485e-06
6.76110e+02  1.41267e-06  1.19952e-06
6.77961e+02  1.40995e-06  1.19445e-06
6.79817e+02  1.40691e-06  1.18907e-06
6.81678e+02  1.40404e-06  1.18381e-06
6.83544e+02  1.40131e-06  1.17869e-06
6.85415e+02  1.39840e-06  1.17336e-06
6.87291e+02  1.39578e-06  1.16832e-06
6.89172e+02  1.39309e-06  1.16317e-06
6.91058e+02  1.39039e-06  1.15798e-06
6.92949e+02  1.38796e-06  1.15303e-06
6.94845e+02  1.38535e-06  1.14788e-06
6.96746e+02  1.38286e-06  1.14282e-06
6.98652e+02  1.38051e-06  1.13789e-06
7.00563e+02  1.37805e-06  1.13281e-06
7.02479e+02  1.37576e-06  1.12786e-06
7.04401e+02  1.37350e-06  1.12293e-06
7.06327e+02  1.37124e-06  1.11798e-06
7.08259e+02  1.36909e-06  1.11313e-06
7.10195e+02  1.36687e-06  1.10818e-06
7.12137e+02  1.36467e-06  1.10324e-06
7.14085e+02  1.36275e-06  1.09856e-06
7.16037e+02  1.36077e-06  1.09380e-06
7.17994e+02  1.35869e-06  1.08894e-06
7.19957e+02  1.35673e-06  1.08421e-06
7.21925e+02  1.35477e-06  1.07943e-06
7.23898e+02  1.35279e-06  1.07467e-06
7.25877e+02  1.35098e-06  1.07007e-06
7.27860e+02  1.34909e-06  1.06537e-06
7.29849e+02  1.34724e-06  1.06073e-06
7.31844e+02  1.34541e-06  1.05612e-06
7.33843e+02  1.34348e-06  1.05142e-06
7.35848e+02  1.34170e-06  1.04685e-06
7.37858e+02  1.33996e-06  1.04232e-06
7.39874e+02  1.33818e-06  1.03778e-06
7.41895e+02  1.33649e-06  1.03329e-06
7.43921e+02  1.33474e-06  1.02874e-06
7.45953e+02  1.33300e-06  1.02421e-06
7.47990e+02  1.33135e-06  1.01977e-06
7.50033e+02  1.32972e-06  1.01533e-06
7.52081e+02  1.32806e-06  1.01088e-06
7.54135e+02  1.32651e-06  1.00653e-06
7.56194e+02  1.32489e-06  1.00208e-06
7.58258e+02  1.32336e-06  9.97714e-07
7.60328e+02  1.32190e-06  9.93429e-07
7.62404e+02  1.32036e-06  9.89035e-07
7.64485e+02  1.31897e-06  9.84814e-07
7.66571e+02  1.31744e-06  9.80450e-07
7.68663e+02  1.31610e-06  9.76291e-07
7.70761e+02  1.31461e-06  9.71998e-07
7.72864e+02  1.31310e-06  9.67726e-07
7.74973e+02  1.31178e-06  9.63650e-07
7.77088e+02  1.31025e-06  9.59357e-07
7.79208e+02  1.30893e-06  9.55283e-07
7.81334e+02  1.30756e-06  9.51182e-07
7.83465e+02  1.30613e-06  9.47043e-07
7.85602e+02  1.30478e-06  9.42966e-07
7.87745e+02  1.30332e-06  9.38815e-07
7.89894e+02  1.30201e-06  9.34786e-07
7.92048e+02  1.30066e-06  9.30769e-07
7.94208e+02  1.29930e-06  9.26749e-07
7.96374e+02  1.29794e-06  9.22733e-07
7.98545e+02  1.29663e-06  9.18750e-07
8.00722e+02  1.29530e-06  9.14732e-07
8.02905e+02  1.29409e-06  9.10823e-07
8.05094e+02  1.29288e-06  9.06883e-07
8.07289e+02  1.29166e-06  9.02931e-07
8.09490e+02  1.29053e-06  8.99053e-07
8.11696e+02  1.28945e-06  8.95201e-07
8.13909e+02  1.28839e-06  8.91347e-07
8.16127e+02  1.28748e-06  8.87610e-07
8.18351e+02  1.28640e-06  8.83656e-07
8.20581e+02  1.28552e-06  8.79840e-07
8.22817e+02  1.28470e-06  8.76048e-07
8.25059e+02  1.28395e-06  8.72265e-07
8.27307e+02  1.28342e-06  8.68640e-07
8.29561e+02  1.28285e-06  8.64896e-07
8.31821e+02  1.28226e-06  8.61102e-07
8.34087e+02  1.28189e-06  8.57423e-07
8.36359e+02  1.28155e-06  8.53743e-07
8.38637e+02  1.28131e-06  8.50095e-07
8.40921e+02  1.28116e-06  8.46426e-07
8.43211e+02  1.28112e-06  8.42818e-07
8.45507e+02  1.28113e-06  8.39181e-07
8.47810e+02  1.28124e-06  8.35586e-07
8.50118e+02  1.28151e-06  8.32053e-07
8.52433e+02  1.28178e-06  8.28505e-07
8.54754e+02  1.28206e-06  8.24861e-07
8.57081e+02  1.28251e-06  8.21372e-07
8.59414e+02  1.28293e-06  8.17781e-07
8.61753e+02  1.28354e-06  8.14354e-07
8.64099e+02  1.28415e-06  8.10874e-07
8.66451e+02  1.28475e-06  8.07385e-07
8.68809e+02  1.28548e-06  8.03992e-07
8.71174e+02  1.28616e-06  8.00511e-07
8.73545e+02  1.28695e-06  7.97167e-07
8.75922e+02  1.28769e-06  7.93717e-07
8.78305e+02  1.28856e-06  7.90430e-07
8.80695e+02  1.28928e-06  7.86985e-07
8.83091e+02  1.29013e-06  7.83731e-07
8.85493e+02  1.29085e-06  7.80406e-07
8.87902e+02  1.29153e-06  7.77089e-07
8.90318e+02  1.29215e-06  7.73808e-07
8.92740e+02  1.29274e-06  7.70569e-07
8.95168e+02  1.29325e-06  7.67309e-07
8.97602e+02  1.29370e-06  7.64091e-07
9.00044e+02  1.29401e-06  7.60846e-07
9.02491e+02  1.29431e-06  7.57654e-07
9.04946e+02  1.29450e-06  7.54445e-07
9.07406e+02  1.29465e-06  7.51301e-07
9.09874e+02  1.29474e-06  7.48143e-07
9.12347e+02  1.29482e-06  7.45007e-07
9.14828e+02  1.29488e-06  7.41878e-07
9.17315e+02  1.29489e-06  7.38743e-07
9.19809e+02  1.29486e-06  7.35666e-07
9.22309e+02  1.29472e-06  7.32608e-07
9.24816e+02  1.29453e-06  7.29563e-07
9.27330e+02  1.29422e-06  7.26536e-07
9.29850e+02  1.29383e-06  7.23508e-07
9.32377e+02  1.29337e-06  7.20521e-07
9.34911e+02  1.29281e-06  7.17518e-07
9.37452e+02  1.29221e-06  7.14551e-07
9.39999e+02  1.29150e-06  7.11562e-07
9.42553e+02  1.29077e-06  7.08641e-07
9.45114e+02  1.28993e-06  7.05706e-07
9.47682e+02  1.28902e-06  7.02779e-07
9.50256e+02  1.28811e-06  6.99894e-07
9.52838e+02  1.28714e-06  6.97019e-07
9.55426e+02  1.28616e-06  6.94158e-07
9.58021e+02  1.28515e-06  6.91308e-07
9.60624e+02  1.28417e-06  6.88486e-07
9.63233e+02  1.28309e-06  6.85655e-07
9.65849e+02  1.28206e-06  6.82899e-07
9.68472e+02  1.28097e-06  6.80088e-07
9.71102e+02  1.27983e-06  6.77298e-07
9.73739e+02  1.27864e-06  6.74506e-07
9.76383e+02  1.27750e-06  6.71792e-07
9.79034e+02  1.27633e-06  6.69039e-07
9.81692e+02  1.27515e-06  6.66337e-07
9.84357e+02  1.27384e-06  6.63610e-07
9.87029e+02  1.27258e-06  6.60962e-07
9.89709e+02  1.27136e-06  6.58278e-07
9.92395e+02  1.27011e-06  6.55684e-07
9.95089e+02  1.26853e-06  6.52871e-07
9.97790e+02  1.26727e-06  6.50316e-07
1.00050e+03  1.26599e-06  6.47687e-07
1.00321e+03  1.26459e-06  6.45065e-07
1.00594e+03  1.26309e-06  6.42432e-07
1.00867e+03  1.26171e-06  6.39827e-07
1.01140e+03  1.26043e-06  6.37292e-07
1.01415e+03  1.25906e-06  6.34751e-07
1.01690e+03  1.25751e-06  6.32142e-07
1.01966e+03  1.25615e-06  6.29613e-07
1.02242e+03  1.25487e-06  6.27144e-07
1.02520e+03  1.25354e-06  6.24622e-07
1.02798e+03  1.25212e-06  6.22108e-07
1.03077e+03  1.25078e-06  6.19580e-07
1.03356e+03  1.24954e-06  6.17163e-07
1.03637e+03  1.24820e-06  6.14684e-07
1.03918e+03  1.24685e-06  6.12253e-07
1.04200e+03  1.24567e-06  6.09794e-07
1.04482e+03  1.24443e-06  6.07365e-07
1.04765e+03  1.24327e-06  6.05003e-07
1.05050e+03  1.24204e-06  6.02532e-07
1.05334e+03  1.24097e-06  6.00264e-07
1.05620e+03  1.23976e-06  5.97812e-07
1.05906e+03  1.23864e-06  5.95436e-07
1.06194e+03  1.23750e-06  5.93132e-07
1.06481e+03  1.23646e-06  5.90791e-07
1.06770e+03  1.23539e-06  5.88450e-07
1.07060e+03  1.23456e-06  5.86225e-07
1.07350e+03  1.23342e-06  5.83799e-07
1.07641e+03  1.23244e-06  5.81324e-07
1.07932e+03  1.23141e-06  5.78996e-07
1.08225e+03  1.23045e-06  5.76622e-07
1.08518e+03  1.22982e-06  5.74635e-07
1.08812e+03  1.22915e-06  5.72495e-07
1.09107e+03  1.22848e-06  5.70460e-07
1.09403e+03  1.22788e-06  5.68388e-07
1.09699e+03  1.22681e-06  5.65946e-07
1.09997e+03  1.22583e-06  5.63517e-07
1.10295e+03  1.22482e-06  5.61186e-07
1.10593e+03  1.22426e-06  5.59145e-07
1.10893e+03  1.22361e-06  5.57100e-07
1.11193e+03  1.22278e-06  5.54888e-07
1.11495e+03  1.22234e-06  5.53008e-07
1.11797e+03  1.22143e-06  5.50663e-07
1.12100e+03  1.22045e-06  5.48268e-07
1.12403e+03  1.21973e-06  5.46189e-07
1.12708e+03  1.21904e-06  5.44116e-07
1.13013e+03  1.21837e-06  5.42036e-07
1.13319e+03  1.21768e-06  5.39941e-07
1.13626e+03  1.21708e-06  5.37952e-07
1.13934e+03  1.21654e-06  5.36063e-07
1.14242e+03  1.21559e-06  5.33741e-07
1.14551e+03  1.21482e-06  5.31609e-07
1.14862e+03  1.21422e-06  5.29726e-07
1.15173e+03  1.21346e-06  5.27701e-07
1.15484e+03  1.21280e-06  5.25686e-07
1.15797e+03  1.21216e-06  5.23752e-07
1.16110e+03  1.21142e-06  5.21725e-07
1.16425e+03  1.21063e-06  5.19628e-07
1.16740e+03  1.20995e-06  5.17688e-07
1.17056e+03  1.20942e-06  5.15884e-07
1.17373e+03  1.20864e-06  5.13878e-07
1.17690e+03  1.20796e-06  5.12024e-07
1.18009e+03  1.20732e-06  5.10167e-07
1.18328e+03  1.20631e-06  5.08024e-07
1.18649e+03  1.20548e-06  5.06039e-07
1.18970e+03  1.20478e-06  5.04245e-07
1.19292e+03  1.20410e-06  5.02445e-07
1.19614e+03  1.20337e-06  5.00638e-07
1.19938e+03  1.20261e-06  4.98824e-07
1.20262e+03  1.20166e-06  4.96901e-07
1.20588e+03  1.20076e-06  4.94928e-07
1.20914e+03  1.19998e-06  4.93165e-07
1.21241e+03  1.19910e-06  4.91331e-07
1.21569e+03  1.19823e-06  4.89543e-07
1.21898e+03  1.19741e-06  4.87789e-07
1.22228e+03  1.19661e-06  4.86018e-07
1.22558e+03  1.19562e-06  4.84255e-07
1.22890e+03  1.19457e-06  4.82391e-07
1.23222e+03  1.19368e-06  4.80661e-07
1.23556e+03  1.19268e-06  4.78846e-07
1.23890e+03  1.19177e-06  4.77140e-07
1.24225e+03  1.19088e-06  4.75406e-07
1.24561e+03  1.18981e-06  4.73628e-07
1.24897e+03  1.18882e-06  4.71898e-07
1.25235e+03  1.18772e-06  4.70165e-07
1.25574e+03  1.18662e-06  4.68413e-07
1.25913e+03  1.18569e-06  4.66707e-07
1.26254e+03  1.18473e-06  4.64954e-07
1.26595e+03  1.18361e-06  4.63224e-07
1.26937e+03  1.18271e-06  4.61563e-07
1.27281e+03  1.18151e-06  4.59875e-07
1.27625e+03  1.18014e-06  4.58138e-07
1.27970e+03  1.17895e-06  4.56456e-07
1.28315e+03  1.17822e-06  4.54836e-07
1.28662e+03  1.17719e-06  4.53094e-07
1.29010e+03  1.17622e-06  4.51382e-07
1.29359e+03  1.17499e-06  4.49794e-07
1.29708e+03  1.17328e-06  4.48123e-07
1.30059e+03  1.17208e-06  4.46427e-07
1.30410e+03  1.17121e-06  4.44846e-07
1.30763e+03  1.17027e-06  4.43204e-07
1.31116e+03  1.16945e-06  4.41550e-07
1.31470e+03  1.16822e-06  4.39975e-07
1.31826e+03  1.16655e-06  4.38311e-07
1.32182e+03  1.16534e-06  4.36686e-07
1.32539e+03  1.16449e-06  4.35091e-07
1.32897e+03  1.16355e-06  4.33456e-07
1.33256e+03  1.16250e-06  4.31842e-07
1.33616e+03  1.16085e-06  4.30224e-07
1.33977e+03  1.15950e-06  4.28620e-07
1.34339e+03  1.15904e-06  4.27010e-07
1.34702e+03  1.15773e-06  4.25413e-07
1.35066e+03  1.15659e-06  4.23785e-07
1.35430e+03  1.15535e-06  4.22129e-07
1.35796e+03  1.15380e-06  4.20566e-07
1.36163e+03  1.15162e-06  4.18960e-07
1.36531e+03  1.15107e-06  4.17327e-07
1.36899e+03  1.14963e-06  4.15729e-07
1.37269e+03  1.14875e-06  4.14143e-07
1.37640e+03  1.14702e-06  4.12503e-07
1.38011e+03  1.14506e-06  4.10911e-07
1.38384e+03  1.14313e-06  4.09317e-07
1.38758e+03  1.14241e-06  4.07715e-07
1.39132e+03  1.14169e-06  4.06108e-07
1.39508e+03  1.14057e-06  4.04484e-07
1.39885e+03  1.13884e-06  4.02949e-07
1.40262e+03  1.13704e-06  4.01341e-07
1.40641e+03  1.13505e-06  3.99711e-07
1.41021e+03  1.13384e-06  3.98164e-07
1.41401e+03  1.13228e-06  3.96551e-07
1.41783e+03  1.13083e-06  3.94969e-07
1.42166e+03  1.12914e-06  3.93379e-07
1.42549e+03  1.12789e-06  3.91826e-07
1.42934e+03  1.12632e-06  3.90252e-07
1.43320e+03  1.12471e-06  3.88643e-07
1.43707e+03  1.12327e-06  3.87127e-07
1.44095e+03  1.12164e-06  3.85565e-07
1.44483e+03  1.12006e-06  3.84006e-07
1.44873e+03  1.11860e-06  3.82445e-07
1.45264e+03  1.11705e-06  3.80913e-07
1.45656e+03  1.11556e-06  3.79358e-07
1.46049e+03  1.11407e-06  3.77817e-07
1.46443e+03  1.11252e-06  3.76292e-07
1.46839e+03  1.11102e-06  3.74802e-07
1.47235e+03  1.10961e-06  3.73250e-07
1.47632e+03  1.10813e-06  3.71780e-07
1.48030e+03  1.10675e-06  3.70241e-07
1.48430e+03  1.10520e-06  3.68727e-07
1.48830e+03  1.10368e-06  3.67231e-07
1.49231e+03  1.10227e-06  3.65733e-07
1.49634e+03  1.10071e-06  3.64285e-07
1.50038e+03  1.09929e-06  3.62781e-07
1.50442e+03  1.09774e-06  3.61301e-07
1.50848e+03  1.09625e-06  3.59848e-07
1.51255e+03  1.09472e-06  3.58346e-07
1.51663e+03  1.09329e-06  3.56885e-07
1.52072e+03  1.09189e-06  3.55426e-07
1.52482e+03  1.09029e-06  3.53967e-07
1.52893e+03  1.08899e-06  3.52547e-07
1.53306e+03  1.08745e-06  3.51067e-07
1.53719e+03  1.08594e-06  3.49634e-07
1.54133e+03  1.08438e-06  3.48179e-07
1.54549e+03  1.08287e-06  3.46761e-07
1.54966e+03  1.08140e-06  3.45340e-07
1.55384e+03  1.07985e-06  3.43904e-07
1.55803e+03  1.07829e-06  3.42484e-07
1.56223e+03  1.07674e-06  3.41038e-07
1.56644e+03  1.07516e-06  3.39651e-07
1.57066e+03  1.07362e-06  3.38252e-07
1.57489e+03  1.07212e-06  3.36876e-07
1.57914e+03  1.07057e-06  3.35466e-07
1.58340e+03  1.06896e-06  3.34048e-07
1.58767e+03  1.06733e-06  3.32705e-07
1.59194e+03  1.06578e-06  3.31289e-07
1.59624e+03  1.06415e-06  3.29923e-07
1.60054e+03  1.06250e-06  3.28505e-07
1.60485e+03  1.06079e-06  3.27143e-07
1.60918e+03  1.05919e-06  3.25791e-07
1.61351e+03  1.05759e-06  3.24438e-07
1.61786e+03  1.05593e-06  3.23163e-07
1.62222e+03  1.05426e-06  3.21770e-07
1.62659e+03  1.05268e-06  3.20503e-07
1.63098e+03  1.05096e-06  3.19179e-07
1.63537e+03  1.04925e-06  3.17801e-07
1.63978e+03  1.04774e-06  3.16554e-07
1.64420e+03  1.04596e-06  3.15270e-07
1.64863e+03  1.04434e-06  3.13910e-07
1.65307e+03  1.04253e-06  3.12541e-07
1.65752e+03  1.04102e-06  3.11430e-07
1.66199e+03  1.03935e-06  3.10143e-07
1.66647e+03  1.03747e-06  3.08810e-07
1.67095e+03  1.03566e-06  3.07488e-07
1.67546e+03  1.03395e-06  3.06250e-07
1.67997e+03  1.03233e-06  3.05136e-07
1.68449e+03  1.03042e-06  3.03742e-07
1.68903e+03  1.02865e-06  3.02523e-07
1.69358e+03  1.02690e-06  3.01306e-07
1.69814e+03  1.02517e-06  3.00146e-07
1.70272e+03  1.02325e-06  2.98828e-07
1.70730e+03  1.02150e-06  2.97700e-07
1.71190e+03  1.01965e-06  2.96460e-07
1.71651e+03  1.01769e-06  2.95227e-07
1.72113e+03  1.01571e-06  2.93942e-07
1.72577e+03  1.01402e-06  2.92942e-07
1.73042e+03  1.01210e-06  2.91746e-07
1.73508e+03  1.00984e-06  2.90248e-07
1.73975e+03  1.00792e-06  2.89086e-07
1.74443e+03  1.00615e-06  2.88093e-07
1.74913e+03  1.00419e-06  2.86865e-07
1.75384e+03  1.00191e-06  2.85390e-07
1.75856e+03  1.00016e-06  2.84466e-07
1.76330e+03  9.98265e-07  2.83402e-07
1.76804e+03  9.96086e-07  2.82159e-07
1.77280e+03  9.94031e-07  2.80929e-07
1.77758e+03  9.92044e-07  2.79848e-07
1.78236e+03  9.89750e-07  2.78451e-07
1.78716e+03  9.87530e-07  2.77174e-07
1.79197e+03  9.85774e-07  2.76340e-07
1.79680e+03  9.83428e-07  2.74972e-07
1.80163e+03  9.81282e-07  2.73726e-07
1.80648e+03  9.79336e-07  2.72724e-07
1.81134e+03  9.76874e-07  2.71342e-07
1.81622e+03  9.74794e-07  2.70186e-07
1.82111e+03  9.72696e-07  2.69241e-07
1.82601e+03  9.70582e-07  2.68044e-07
1.83092e+03  9.68369e-07  2.66933e-07
1.83585e+03  9.66107e-07  2.65784e-07
1.84079e+03  9.63845e-07  2.64572e-07
1.84575e+03  9.61604e-07  2.63477e-07
1.85071e+03  9.59589e-07  2.62396e-07
1.85569e+03  9.57308e-07  2.61339e-07
1.86069e+03  9.55286e-07  2.60233e-07
1.86569e+03  9.52781e-07  2.59056e-07
1.87071e+03  9.50727e-07  2.57975e-07
1.87575e+03  9.48447e-07  2.56928e-07
1.88079e+03  9.46291e-07  2.55890e-07
1.88585e+03  9.43999e-07  2.54836e-07
1.89093e+03  9.41824e-07  2.53770e-07
1.89602e+03  9.39512e-07  2.52719e-07
1.90112e+03  9.37279e-07  2.51689e-07
1.90623e+03  9.34984e-07  2.50653e-07
1.91136e+03  9.32790e-07  2.49628e-07
1.91650e+03  9.30469e-07  2.48630e-07
1.92166e+03  9.28252e-07  2.47629e-07
1.92683e+03  9.25961e-07  2.46636e-07
1.93201e+03  9.23640e-07  2.45626e-07
1.93721e+03  9.21242e-07  2.44625e-07
1.94242e+03  9.18928e-07  2.43650e-07
1.94764e+03  9.16635e-07  2.42686e-07
1.95288e+03  9.14254e-07  2.41701e-07
1.95813e+03  9.11917e-07  2.40731e-07
1.96340e+03  9.09487e-07  2.39786e-07
1.96868e+03  9.07099e-07  2.38800e-07
1.97397e+03  9.04729e-07  2.37860e-07
1.97928e+03  9.02360e-07  2.36935e-07
1.98460e+03  8.99862e-07  2.35970e-07
1.98994e+03  8.97426e-07  2.35037e-07
1.99529e+03  8.95037e-07  2.34104e-07
2.00066e+03  8.92559e-07  2.33168e-07
2.00604e+03  8.89989e-07  2.32245e-07
2.01143e+03  8.87492e-07  2.31327e-07
2.01684e+03  8.84976e-07  2.30411e-07
2.02226e+03  8.82493e-07  2.29504e-07
2.02770e+03  8.79918e-07  2.28596e-07
2.03315e+03  8.77227e-07  2.27700e-07
2.03862e+03  8.74712e-07  2.26808e-07
2.04410e+03  8.71825e-07  2.25895e-07
2.04959e+03  8.69593e-07  2.25022e-07
2.05510e+03  8.66915e-07  2.24140e-07
2.06063e+03  8.64056e-07  2.23280e-07
2.06617e+03  8.61640e-07  2.22398e-07
2.07172e+03  8.58668e-07  2.21537e-07
2.07729e+03  8.55940e-07  2.20662e-07
2.08288e+03  8.53650e-07  2.19809e-07
2.08847e+03  8.50435e-07  2.18949e-07
2.09409e+03  8.47926e-07  2.18114e-07
2.09972e+03  8.45119e-07  2.17253e-07
2.10536e+03  8.42456e-07  2.16429e-07
2.11102e+03  8.40060e-07  2.15581e-07
2.11669e+03  8.37213e-07  2.14738e-07
2.12238e+03  8.34260e-07  2.13892e-07
2.12808e+03  8.32122e-07  2.13080e-07
2.13380e+03  8.29063e-07  2.12272e-07
2.13954e+03  8.25973e-07  2.11431e-07
2.14529e+03  8.23601e-07  2.10632e-07
2.15105e+03  8.20763e-07  2.09819e-07
2.15683e+03  8.18036e-07  2.09047e-07
2.16263e+03  8.15352e-07  2.08214e-07
2.16844e+03  8.12425e-07  2.07398e-07
2.17427e+03  8.09923e-07  2.06634e-07
2.18011e+03  8.07197e-07  2.05853e-07
2.18597e+03  8.04053e-07  2.05050e-07
2.19184e+03  8.01477e-07  2.04221e-07
2.19773e+03  7.98888e-07  2.03538e-07
2.20363e+03  7.95777e-07  2.02709e-07
2.20955e+03  7.92947e-07  2.01903e-07
2.21549e+03  7.90600e-07  2.01160e-07
2.22144e+03  7.87505e-07  2.00371e-07
2.22741e+03  7.84794e-07  1.99597e-07
2.23339e+03  7.82024e-07  1.98779e-07
2.23939e+03  7.79172e-07  1.98088e-07
2.24541e+03  7.76438e-07  1.97321e-07
2.25144e+03  7.73564e-07  1.96472e-07
2.25749e+03  7.70946e-07  1.95825e-07
2.26355e+03  7.68256e-07  1.95082e-07
2.26963e+03  7.65225e-07  1.94256e-07
2.27573e+03  7.62352e-07  1.93565e-07
2.28184e+03  7.59545e-07  1.92838e-07
2.28797e+03  7.56690e-07  1.92057e-07
2.29412e+03  7.54004e-07  1.91413e-07
2.30028e+03  7.51073e-07  1.90626e-07
2.30645e+03  7.48108e-07  1.89769e-07
2.31265e+03  7.45199e-07  1.88994e-07
2.31886e+03  7.42276e-07  1.88245e-07
2.32509e+03  7.39355e-07  1.87414e-07
2.33133e+03  7.36697e-07  1.86878e-07
2.33759e+03  7.33725e-07  1.86080e-07
2.34387e+03  7.30852e-07  1.85407e-07
2.35016e+03  7.28003e-07  1.84623e-07
2.35647e+03  7.25359e-07  1.84123e-07
2.36280e+03  7.22355e-07  1.83335e-07
2.36915e+03  7.19488e-07  1.82621e-07
2.37551e+03  7.16542e-07  1.81926e-07
2.38189e+03  7.14022e-07  1.81514e-07
2.38828e+03  7.10962e-07  1.80693e-07
2.39469e+03  7.08107e-07  1.80024e-07
2.40112e+03  7.05008e-07  1.79042e-07
2.40757e+03  7.02041e-07  1.78330e-07
2.41403e+03  6.99681e-07  1.78091e-07
2.42051e+03  6.96290e-07  1.76912e-07
2.42701e+03  6.93544e-07  1.76353e-07
2.43353e+03  6.90433e-07  1.75492e-07
2.44006e+03  6.87125e-07  1.74399e-07
2.44661e+03  6.84784e-07  1.74234e-07
2.45318e+03  6.82185e-07  1.73954e-07
2.45976e+03  6.79103e-07  1.73052e-07
2.46637e+03  6.76113e-07  1.72281e-07
2.47299e+03  6.72705e-07  1.71134e-07
2.47962e+03  6.69934e-07  1.70573e-07
2.48628e+03  6.67625e-07  1.70499e-07
2.49295e+03  6.64745e-07  1.69842e-07
2.49964e+03  6.61520e-07  1.68843e-07
2.50635e+03  6.58620e-07  1.68218e-07
2.51308e+03  6.55331e-07  1.67174e-07
2.51983e+03  6.52381e-07  1.66424e-07
2.52659e+03  6.49182e-07  1.65484e-07
2.53337e+03  6.46761e-07  1.65261e-07
2.54017e+03  6.44080e-07  1.64840e-07
2.54698e+03  6.41022e-07  1.64021e-07
2.55382e+03  6.38314e-07  1.63601e-07
2.56067e+03  6.35149e-07  1.62707e-07
2.56754e+03  6.32275e-07  1.62189e-07
2.57443e+03  6.29190e-07  1.61442e-07
2.58134e+03  6.26507e-07  1.60771e-07
2.58827e+03  6.23676e-07  1.59975e-07
2.59521e+03  6.20787e-07  1.59279e-07
2.60218e+03  6.17853e-07  1.58709e-07
2.60916e+03  6.14983e-07  1.58076e-07
2.61616e+03  6.12412e-07  1.57660e-07
2.62318e+03  6.09427e-07  1.57184e-07
2.63022e+03  6.06243e-07  1.56413e-07
2.63727e+03  6.03435e-07  1.55645e-07
2.64435e+03  6.00840e-07  1.55084e-07
2.65144e+03  5.98006e-07  1.54539e-07
2.65856e+03  5.95288e-07  1.53869e-07
2.66569e+03  5.92399e-07  1.53354e-07
2.67284e+03  5.89623e-07  1.52972e-07
2.68001e+03  5.86874e-07  1.52492e-07
2.68720e+03  5.83815e-07  1.51876e-07
2.69441e+03  5.81103e-07  1.51233e-07
2.70164e+03  5.78099e-07  1.50618e-07
2.70889e+03  5.75521e-07  1.50050e-07
2.71615e+03  5.72641e-07  1.49492e-07
2.72344e+03  5.70429e-07  1.48934e-07
2.73074e+03  5.67164e-07  1.48374e-07
2.73807e+03  5.64615e-07  1.47824e-07
2.74541e+03  5.61427e-07  1.47268e-07
2.75277e+03  5.58629e-07  1.46717e-07
2.76016e+03  5.55594e-07  1.46171e-07
2.76756e+03  5.52692e-07  1.45625e-07
2.77498e+03  5.50586e-07  1.45082e-07
2.78243e+03  5.47742e-07  1.44540e-07
2.78989e+03  5.44499e-07  1.43991e-07
2.79737e+03  5.41823e-07  1.43462e-07
2.80487e+03  5.39630e-07  1.42925e-07
2.81240e+03  5.37612e-07  1.42394e-07
2.81994e+03  5.34135e-07  1.41863e-07
2.82750e+03  5.31764e-07  1.41327e-07
2.83508e+03  5.28762e-07  1.40794e-07
2.84268e+03  5.25950e-07  1.40275e-07
2.85031e+03  5.23524e-07  1.39741e-07
2.85795e+03  5.20415e-07  1.39212e-07
2.86561e+03  5.17872e-07  1.38693e-07
2.87330e+03  5.15347e-07  1.38163e-07
2.88100e+03  5.12937e-07  1.37645e-07
2.88873e+03  5.10341e-07  1.37129e-07
2.89647e+03  5.07600e-07  1.36605e-07
2.90424e+03  5.05566e-07  1.36082e-07
2.91203e+03  5.02915e-07  1.35569e-07
2.91983e+03  5.00217e-07  1.35065e-07
2.92766e+03  4.98014e-07  1.34550e-07
2.93551e+03  4.95335e-07  1.34035e-07
2.94338e+03  4.92648e-07  1.33534e-07
2.95127e+03  4.89898e-07  1.33030e-07
2.95918e+03  4.87275e-07  1.32523e-07
2.96712e+03  4.84903e-07  1.32016e-07
2.97507e+03  4.82403e-07  1.31520e-07
2.98305e+03  4.80044e-07  1.31022e-07
2.99104e+03  4.77442e-07  1.30524e-07
2.99906e+03  4.75211e-07  1.30021e-07
3.00710e+03  4.72647e-07  1.29533e-07
3.01516e+03  4.70297e-07  1.29041e-07
3.02324e+03  4.67874e-07  1.28541e-07
3.03135e+03  4.65435e-07  1.28056e-07
3.03947e+03  4.63119e-07  1.27567e-07
3.04762e+03  4.60689e-07  1.27078e-07
3.05579e+03  4.58304e-07  1.26592e-07
3.06398e+03  4.56001e-07  1.26108e-07
3.07219e+03  4.53639e-07  1.25629e-07
3.08043e+03  4.51348e-07  1.25148e-07
3.08868e+03  4.49030e-07  1.24662e-07
3.09696e+03  4.46628e-07  1.24185e-07
3.10526e+03  4.44371e-07  1.23714e-07
3.11358e+03  4.42118e-07  1.23236e-07
3.12193e+03  4.39804e-07  1.22758e-07
3.13029e+03  4.37621e-07  1.22290e-07
3.13868e+03  4.35307e-07  1.21816e-07
3.14709e+03  4.33054e-07  1.21351e-07
3.15553e+03  4.30841e-07  1.20886e-07
3.16398e+03  4.28612e-07  1.20419e-07
3.17246e+03  4.26398e-07  1.19959e-07
3.18096e+03  4.24209e-07  1.19495e-07
3.18949e+03  4.21995e-07  1.19036e-07
3.19804e+03  4.19817e-07  1.18580e-07
3.20661e+03  4.17694e-07  1.18127e-07
3.21520e+03  4.15510e-07  1.17675e-07
3.22381e+03  4.13377e-07  1.17221e-07
3.23245e+03  4.11225e-07  1.16773e-07
3.24111e+03  4.09117e-07  1.16324e-07
3.24980e+03  4.06981e-07  1.15875e-07
3.25850e+03  4.04873e-07  1.15440e-07
3.26723e+03  4.02779e-07  1.14993e-07
3.27599e+03  4.00677e-07  1.14552e-07
3.28476e+03  3.98602e-07  1.14122e-07
3.29357e+03  3.96539e-07  1.13687e-07
3.30239e+03  3.94479e-07  1.13245e-07
3.31124e+03  3.92418e-07  1.12811e-07
3.32011e+03  3.90389e-07  1.12383e-07
3.32900e+03  3.88366e-07  1.11957e-07
3.33792e+03  3.86340e-07  1.11526e-07
3.34686e+03  3.84316e-07  1.11094e-07
3.35583e+03  3.82312e-07  1.10670e-07
3.36482e+03  3.80325e-07  1.10249e-07
3.37383e+03  3.78324e-07  1.09821e-07
3.38287e+03  3.76362e-07  1.09404e-07
3.39193e+03  3.74405e-07  1.08990e-07
3.40102e+03  3.72430e-07  1.08566e-07
3.41013e+03  3.70490e-07  1.08153e-07
3.41926e+03  3.68564e-07  1.07742e-07
3.42842e+03  3.66624e-07  1.07324e-07
3.43760e+03  3.64725e-07  1.06911e-07
3.44681e+03  3.62809e-07  1.06510e-07
3.45604e+03  3.60901e-07  1.06098e-07
3.46530e+03  3.59005e-07  1.05687e-07
3.47458e+03  3.57114e-07  1.05283e-07
3.48389e+03  3.55247e-07  1.04886e-07
3.49322e+03  3.53379e-07  1.04479e-07
3.50258e+03  3.51529e-07  1.04079e-07
3.51196e+03  3.49659e-07  1.03677e-07
3.52136e+03  3.47823e-07  1.03281e-07
3.53079e+03  3.46007e-07  1.02884e-07
3.54025e+03  3.44168e-07  1.02490e-07
3.54973e+03  3.42342e-07  1.02098e-07
3.55924e+03  3.40548e-07  1.01704e-07
3.56877e+03  3.38763e-07  1.01316e-07
3.57833e+03  3.36988e-07  1.00930e-07
3.58791e+03  3.35212e-07  1.00539e-07
3.59752e+03  3.33448e-07  1.00149e-07
3.60715e+03  3.31684e-07  9.97665e-08
3.61681e+03  3.29920e-07  9.93855e-08
3.62649e+03  3.28186e-07  9.90034e-08
3.63621e+03  3.26480e-07  9.86229e-08
3.64594e+03  3.24743e-07  9.82427e-08
3.65570e+03  3.23025e-07  9.78668e-08
3.66549e+03  3.21310e-07  9.74880e-08
3.67531e+03  3.19615e-07  9.71126e-08
3.68515e+03  3.17927e-07  9.67421e-08
3.69502e+03  3.16250e-07  9.63687e-08
3.70491e+03  3.14574e-07  9.59974e-08
3.71483e+03  3.12904e-07  9.56290e-08
3.72478e+03  3.11253e-07  9.52605e-08
3.73475e+03  3.09597e-07  9.48946e-08
3.74475e+03  3.07959e-07  9.45268e-08
3.75477e+03  3.06328e-07  9.41613e-08
3.76483e+03  3.04700e-07  9.37960e-08
3.77491e+03  3.03086e-07  9.34345e-08
3.78501e+03  3.01482e-07  9.30740e-08
3.79514e+03  2.99889e-07  9.27148e-08
3.80530e+03  2.98287e-07  9.23542e-08
3.81549e+03  2.96700e-07  9.19964e-08
3.82571e+03  2.95119e-07  9.16345e-08
3.83595e+03  2.93543e-07  9.12757e-08
3.84622e+03  2.91994e-07  9.09229e-08
3.85651e+03  2.90441e-07  9.05614e-08
3.86684e+03  2.88897e-07  9.02057e-08
3.87719e+03  2.87357e-07  8.98528e-08
3.88757e+03  2.85823e-07  8.94984e-08
3.89797e+03  2.84310e-07  8.91457e-08
3.90841e+03  2.82794e-07  8.87962e-08
3.91887e+03  2.81281e-07  8.84455e-08
3.92936e+03  2.79787e-07  8.80949e-08
3.93988e+03  2.78292e-07  8.77509e-08
3.95042e+03  2.76798e-07  8.74038e-08
3.96100e+03  2.75331e-07  8.70560e-08
3.97160e+03  2.73862e-07  8.67141e-08
3.98223e+03  2.72391e-07  8.63698e-08
3.99289e+03  2.70942e-07  8.60281e-08
4.00357e+03  2.69504e-07  8.56874e-08
4.01429e+03  2.68064e-07  8.53475e-08
4.02503e+03  2.66624e-07  8.50098e-08
4.03581e+03  2.65212e-07  8.46752e-08
4.04661e+03  2.63795e-07  8.43348e-08
4.05744e+03  2.62393e-07  8.40030e-08
4.06830e+03  2.61014e-07  8.36725e-08
4.07918e+03  2.59624e-07  8.33418e-08
4.09010e+03  2.58223e-07  8.30072e-08
4.10105e+03  2.56859e-07  8.26784e-08
4.11202e+03  2.55504e-07  8.23535e-08
4.12303e+03  2.54131e-07  8.20236e-08
4.13406e+03  2.52790e-07  8.17012e-08
4.14512e+03  2.51449e-07  8.13762e-08
4.15621e+03  2.50112e-07  8.10523e-08
4.16734e+03  2.48790e-07  8.07325e-08
4.17849e+03  2.47464e-07  8.04122e-08
4.18967e+03  2.46150e-07  8.00936e-08
4.20088e+03  2.44849e-07  7.97768e-08
4.21212e+03  2.43548e-07  7.94582e-08
4.22339e+03  2.42260e-07  7.91444e-08
4.23469e+03  2.40975e-07  7.88293e-08
4.24602e+03  2.39701e-07  7.85175e-08
4.25739e+03  2.38435e-07  7.82078e-08
4.26878e+03  2.37164e-07  7.78942e-08
4.28020e+03  2.35919e-07  7.75862e-08
4.29165e+03  2.34668e-07  7.72783e-08
4.30313e+03  2.33430e-07  7.69716e-08
4.31465e+03  2.32207e-07  7.66664e-08
4.32619e+03  2.30976e-07  7.63620e-08
4.33777e+03  2.29759e-07  7.60599e-08
4.34937e+03  2.28549e-07  7.57580e-08
4.36101e+03  2.27341e-07  7.54569e-08
4.37268e+03  2.26155e-07  7.51611e-08
4.38438e+03  2.24967e-07  7.48628e-08
4.39611e+03  2.23786e-07  7.45651e-08
4.40787e+03  2.22615e-07  7.42711e-08
4.41966e+03  2.21436e-07  7.39757e-08
4.43148e+03  2.20280e-07  7.36829e-08
4.44334e+03  2.19121e-07  7.33933e-08
4.45523e+03  2.17974e-07  7.31000e-08
4.46714e+03  2.16835e-07  7.28099e-08
4.47909e+03  2.15695e-07  7.25220e-08
4.49108e+03  2.14568e-07  7.22337e-08
4.50309e+03  2.13433e-07  7.19469e-08
4.51514e+03  2.12330e-07  7.16630e-08
4.52721e+03  2.11217e-07  7.13785e-08
4.53933e+03  2.10099e-07  7.10970e-08
4.55147e+03  2.09015e-07  7.08181e-08
4.56364e+03  2.07927e-07  7.05359e-08
4.57585e+03  2.06854e-07  7.02546e-08
4.58809e+03  2.05779e-07  6.99778e-08
4.60036e+03  2.04701e-07  6.97012e-08
4.61267e+03  2.03641e-07  6.94270e-08
4.62501e+03  2.02585e-07  6.91500e-08
4.63738e+03  2.01536e-07  6.88786e-08
4.64978e+03  2.00491e-07  6.86061e-08
4.66222e+03  1.99452e-07  6.83344e-08
4.67469e+03  1.98415e-07  6.80666e-08
4.68719e+03  1.97387e-07  6.77996e-08
4.69973e+03  1.96365e-07  6.75327e-08
4.71230e+03  1.95352e-07  6.72656e-08
4.72490e+03  1.94340e-07  6.70029e-08
4.73754e+03  1.93340e-07  6.67376e-08
4.75021e+03  1.92339e-07  6.64731e-08
4.76291e+03  1.91349e-07  6.62140e-08
4.77565e+03  1.90361e-07  6.59512e-08
4.78842e+03  1.89377e-07  6.56933e-08
4.80123e+03  1.88404e-07  6.54348e-08
4.81407e+03  1.87436e-07  6.51796e-08
4.82694e+03  1.86474e-07  6.49227e-08
4.83985e+03  1.85516e-07  6.46689e-08
4.85280e+03  1.84563e-07  6.44148e-08
4.86577e+03  1.83614e-07  6.41611e-08
4.87879e+03  1.82671e-07  6.39096e-08
4.89183e+03  1.81734e-07  6.36588e-08
4.90491e+03  1.80803e-07  6.34092e-08
4.91803e+03  1.79879e-07  6.31599e-08
4.93118e+03  1.78958e-07  6.29120e-08
4.94437e+03  1.78045e-07  6.26652e-08
4.95759e+03  1.77129e-07  6.24194e-08
4.97085e+03  1.76226e-07  6.21748e-08
4.98414e+03  1.75321e-07  6.19307e-08
4.99747e+03  1.74436e-07  6.16894e-08
5.01083e+03  1.73541e-07  6.14464e-08
5.02423e+03  1.72664e-07  6.12075e-08
5.03766e+03  1.71781e-07  6.09702e-08
5.05113e+03  1.70908e-07  6.07321e-08
5.06464e+03  1.70040e-07  6.04952e-08
5.07818e+03  1.69170e-07  6.02586e-08
5.09176e+03  1.68314e-07  6.00237e-08
5.10537e+03  1.67456e-07  5.97905e-08
5.11903e+03  1.66601e-07  5.95545e-08
5.13271e+03  1.65757e-07  5.93201e-08
5.14644e+03  1.64916e-07  5.90879e-08
5.16020e+03  1.64078e-07  5.88573e-08
5.17399e+03  1.63255e-07  5.86275e-08
5.18783e+03  1.62428e-07  5.83978e-08
5.20170e+03  1.61612e-07  5.81696e-08
5.21560e+03  1.60799e-07  5.79456e-08
5.22955e+03  1.59988e-07  5.77191e-08
5.24353e+03  1.59179e-07  5.74945e-08
5.25755e+03  1.58377e-07  5.72689e-08
5.27160e+03  1.57579e-07  5.70462e-08
5.28570e+03  1.56784e-07  5.68228e-08
5.29983e+03  1.55998e-07  5.66004e-08
5.31400e+03  1.55217e-07  5.63833e-08
5.32820e+03  1.54432e-07  5.61583e-08
5.34245e+03  1.53660e-07  5.59419e-08
5.35673e+03  1.52889e-07  5.57248e-08
5.37105e+03  1.52122e-07  5.55073e-08
5.38541e+03  1.51360e-07  5.52918e-08
5.39980e+03  1.50604e-07  5.50766e-08
5.41424e+03  1.49854e-07  5.48614e-08
5.42871e+03  1.49105e-07  5.46481e-08
5.44322e+03  1.48359e-07  5.44359e-08
5.45777e+03  1.47622e-07  5.42224e-08
5.47236e+03  1.46885e-07  5.40125e-08
5.48699e+03  1.46153e-07  5.38030e-08
5.50166e+03  1.45424e-07  5.35942e-08
5.51637e+03  1.44707e-07  5.33857e-08
5.53111e+03  1.43990e-07  5.31795e-08
5.54590e+03  1.43275e-07  5.29727e-08
5.56072e+03  1.42569e-07  5.27679e-08
5.57558e+03  1.41860e-07  5.25630e-08
5.59049e+03  1.41158e-07  5.23601e-08
5.60543e+03  1.40460e-07  5.21575e-08
5.62041e+03  1.39768e-07  5.19557e-08
5.63543e+03  1.39080e-07  5.17550e-08
5.65050e+03  1.38387e-07  5.15532e-08
5.66560e+03  1.37708e-07  5.13547e-08
5.68074e+03  1.37027e-07  5.11540e-08
5.69593e+03  1.36353e-07  5.09566e-08
5.71115e+03  1.35685e-07  5.07598e-08
5.72641e+03  1.35020e-07  5.05644e-08
5.74172e+03  1.34350e-07  5.03684e-08
5.75706e+03  1.33698e-07  5.01760e-08
5.77245e+03  1.33042e-07  4.99811e-08
5.78788e+03  1.32395e-07  4.97924e-08
5.80335e+03  1.31749e-07  4.95998e-08
5.81886e+03  1.31108e-07  4.94105e-08
5.83441e+03  1.30473e-07  4.92205e-08
5.85000e+03  1.29836e-07  4.90314e-08
5.86564e+03  1.29203e-07  4.88424e-08
5.88131e+03  1.28574e-07  4.86552e-08
5.89703e+03  1.27949e-07  4.84678e-08
5.91279e+03  1.27328e-07  4.82824e-08
5.92859e+03  1.26708e-07  4.80955e-08
5.94443e+03  1.26096e-07  4.79125e-08
5.96032e+03  1.25485e-07  4.77288e-08
5.97625e+03  1.24877e-07  4.75452e-08
5.99222e+03  1.24273e-07  4.73641e-08
6.00823e+03  1.23671e-07  4.71830e-08
6.02429e+03  1.23074e-07  4.70026e-08
6.04039e+03  1.22482e-07  4.68239e-08
6.05653e+03  1.21892e-07  4.66433e-08
6.07271e+03  1.21304e-07  4.64649e-08
6.08894e+03  1.20722e-07  4.62872e-08
6.10521e+03  1.20137e-07  4.61085e-08
6.12152e+03  1.19563e-07  4.59337e-08
6.13788e+03  1.18988e-07  4.57567e-08
6.15428e+03  1.18418e-07  4.55828e-08
6.17073e+03  1.17848e-07  4.54082e-08
6.18722e+03  1.17286e-07  4.52348e-08
6.20375e+03  1.16723e-07  4.50618e-08
6.22033e+03  1.16161e-07  4.48894e-08
6.23695e+03  1.15606e-07  4.47163e-08
6.25361e+03  1.15051e-07  4.45449e-08
6.27032e+03  1.14500e-07  4.43743e-08
6.28707e+03  1.13954e-07  4.42049e-08
6.30387e+03  1.13408e-07  4.40354e-08
6.32072e+03  1.12869e-07  4.38673e-08
6.33760e+03  1.12330e-07  4.36999e-08
6.35454e+03  1.11794e-07  4.35325e-08
6.37152e+03  1.11260e-07  4.33667e-08
6.38854e+03  1.10732e-07  4.32004e-08
6.40561e+03  1.10204e-07  4.30362e-08
6.42272e+03  1.09682e-07  4.28725e-08
6.43988e+03  1.09157e-07  4.27082e-08
6.45709e+03  1.08640e-07  4.25430e-08
6.47434e+03  1.08122e-07  4.23803e-08
6.49164e+03  1.07611e-07  4.22168e-08
6.50898e+03  1.07102e-07  4.20559e-08
6.52637e+03  1.06593e-07  4.18940e-08
6.54381e+03  1.06087e-07  4.17332e-08
6.56129e+03  1.05585e-07  4.15734e-08
6.57882e+03  1.05084e-07  4.14135e-08
6.59639e+03  1.04586e-07  4.12540e-08
6.61402e+03  1.04092e-07  4.10972e-08
6.63169e+03  1.03599e-07  4.09397e-08
6.64940e+03  1.03110e-07  4.07827e-08
6.66717e+03  1.02621e-07  4.06256e-08
6.68498e+03  1.02137e-07  4.04699e-08
6.70284e+03  1.01652e-07  4.03129e-08
6.72074e+03  1.01170e-07  4.01576e-08
6.73870e+03  1.00693e-07  4.00012e-08
6.75670e+03  1.00215e-07  3.98464e-08
6.77475e+03  9.97458e-08  3.96937e-08
6.79285e+03  9.92714e-08  3.95387e-08
6.81099e+03  9.88051e-08  3.93867e-08
6.82919e+03  9.83383e-08  3.92340e-08
6.84743e+03  9.78736e-08  3.90821e-08
6.86572e+03  9.74130e-08  3.89309e-08
6.88406e+03  9.69540e-08  3.87799e-08
6.90245e+03  9.64955e-08  3.86289e-08
6.92089e+03  9.60415e-08  3.84800e-08
6.93937e+03  9.55894e-08  3.83303e-08
6.95791e+03  9.51369e-08  3.81820e-08
6.97650e+03  9.46906e-08  3.80339e-08
6.99513e+03  9.42439e-08  3.78865e-08
7.01382e+03  9.37994e-08  3.77383e-08
7.03255e+03  9.33577e-08  3.75913e-08
7.05133e+03  9.29166e-08  3.74443e-08
7.07017e+03  9.24798e-08  3.72983e-08
7.08905e+03  9.20450e-08  3.71531e-08
7.10799e+03  9.16122e-08  3.70075e-08
7.12697e+03  9.11813e-08  3.68635e-08
7.14601e+03  9.07545e-08  3.67196e-08
7.16510e+03  9.03278e-08  3.65769e-08
7.18423e+03  8.99022e-08  3.64322e-08
7.20342e+03  8.94789e-08  3.62904e-08
7.22266e+03  8.90614e-08  3.61486e-08
7.24195e+03  8.86426e-08  3.60068e-08
7.26130e+03  8.82258e-08  3.58643e-08
7.28069e+03  8.78143e-08  3.57234e-08
7.30014e+03  8.74004e-08  3.55827e-08
7.31963e+03  8.69907e-08  3.54425e-08
7.33918e+03  8.65847e-08  3.53039e-08
7.35878e+03  8.61780e-08  3.51646e-08
7.37844e+03  8.57778e-08  3.50279e-08
7.39814e+03  8.53747e-08  3.48902e-08
7.41790e+03  8.49761e-08  3.47530e-08
7.43771e+03  8.45777e-08  3.46163e-08
7.45758e+03  8.41819e-08  3.44796e-08
7.47749e+03  8.37883e-08  3.43438e-08
7.49746e+03  8.33982e-08  3.42088e-08
7.51749e+03  8.30070e-08  3.40738e-08
7.53756e+03  8.26203e-08  3.39394e-08
7.55769e+03  8.22348e-08  3.38052e-08
7.57788e+03  8.18523e-08  3.36732e-08
7.59811e+03  8.14697e-08  3.35383e-08
7.61840e+03  8.10914e-08  3.34076e-08
7.63875e+03  8.07110e-08  3.32744e-08
7.65915e+03  8.03349e-08  3.31427e-08
7.67960e+03  7.99600e-08  3.30123e-08
7.70011e+03  7.95861e-08  3.28818e-08
7.72067e+03  7.92155e-08  3.27509e-08
7.74129e+03  7.88479e-08  3.26220e-08
7.76196e+03  7.84811e-08  3.24924e-08
7.78269e+03  7.81185e-08  3.23649e-08
7.80347e+03  7.77557e-08  3.22355e-08
7.82431e+03  7.73953e-08  3.21098e-08
7.84521e+03  7.70358e-08  3.19818e-08
7.86616e+03  7.66789e-08  3.18563e-08
7.88716e+03  7.63239e-08  3.17301e-08
7.90822e+03  7.59695e-08  3.16040e-08
7.92934e+03  7.56187e-08  3.14799e-08
7.95051e+03  7.52675e-08  3.13558e-08
7.97174e+03  7.49189e-08  3.12315e-08
7.99303e+03  7.45705e-08  3.11073e-08
8.01437e+03  7.42253e-08  3.09846e-08
8.03577e+03  7.38830e-08  3.08632e-08
8.05723e+03  7.35431e-08  3.07409e-08
8.07874e+03  7.32047e-08  3.06195e-08
8.10032e+03  7.28670e-08  3.04985e-08
8.12194e+03  7.25320e-08  3.03773e-08
8.14363e+03  7.21970e-08  3.02572e-08
8.16538e+03  7.18637e-08  3.01374e-08
8.18718e+03  7.15330e-08  3.00180e-08
8.20904e+03  7.12041e-08  2.99001e-08
8.23096e+03  7.08786e-08  2.97822e-08
8.25293e+03  7.05507e-08  2.96643e-08
8.27497e+03  7.02282e-08  2.95474e-08
8.29706e+03  6.99061e-08  2.94311e-08
8.31922e+03  6.95848e-08  2.93143e-08
8.34143e+03  6.92661e-08  2.91984e-08
8.36370e+03  6.89476e-08  2.90829e-08
8.38603e+03  6.86310e-08  2.89677e-08
8.40842e+03  6.83151e-08  2.88530e-08
8.43087e+03  6.80030e-08  2.87390e-08
8.45338e+03  6.76919e-08  2.86257e-08
8.47595e+03  6.73820e-08  2.85130e-08
8.49858e+03  6.70740e-08  2.84008e-08
8.52127e+03  6.67666e-08  2.82879e-08
8.54402e+03  6.64619e-08  2.81774e-08
8.56683e+03  6.61596e-08  2.80663e-08
8.58970e+03  6.58600e-08  2.79568e-08
8.61264e+03  6.55604e-08  2.78464e-08
8.63563e+03  6.52613e-08  2.77361e-08
8.65868e+03  6.49634e-08  2.76257e-08
8.68180e+03  6.46677e-08  2.75173e-08
8.70498e+03  6.43747e-08  2.74087e-08
8.72822e+03  6.40804e-08  2.73000e-08
8.75152e+03  6.37901e-08  2.71928e-08
8.77488e+03  6.35004e-08  2.70857e-08
8.79831e+03  6.32122e-08  2.69787e-08
8.82180e+03  6.29249e-08  2.68722e-08
8.84535e+03  6.26394e-08  2.67666e-08
8.86896e+03  6.23541e-08  2.66608e-08
8.89264e+03  6.20711e-08  2.65553e-08
8.91638e+03  6.17912e-08  2.64509e-08
8.94018e+03  6.15099e-08  2.63460e-08
8.96405e+03  6.12307e-08  2.62429e-08
8.98798e+03  6.09552e-08  2.61389e-08
9.01197e+03  6.06810e-08  2.60359e-08
9.03603e+03  6.04075e-08  2.59331e-08
9.06015e+03  6.01361e-08  2.58315e-08
9.08434e+03  5.98632e-08  2.57296e-08
9.10859e+03  5.95924e-08  2.56278e-08
9.13290e+03  5.93205e-08  2.55261e-08
9.15728e+03  5.90535e-08  2.54243e-08
9.18173e+03  5.87864e-08  2.53239e-08
9.20624e+03  5.85217e-08  2.52235e-08
9.23081e+03  5.82576e-08  2.51235e-08
9.25545e+03  5.79945e-08  2.50241e-08
9.28016e+03  5.77334e-08  2.49249e-08
9.30493e+03  5.74740e-08  2.48269e-08
9.32977e+03  5.72146e-08  2.47284e-08
9.35467e+03  5.69568e-08  2.46310e-08
9.37964e+03  5.66993e-08  2.45333e-08
9.40468e+03  5.64441e-08  2.44358e-08
9.42979e+03  5.61901e-08  2.43386e-08
9.45496e+03  5.59370e-08  2.42421e-08
9.48019e+03  5.56840e-08  2.41452e-08
9.50550e+03  5.54331e-08  2.40493e-08
9.53087e+03  5.51842e-08  2.39535e-08
9.55631e+03  5.49365e-08  2.38581e-08
9.58182e+03  5.46897e-08  2.37633e-08
9.60739e+03  5.44431e-08  2.36685e-08
9.63304e+03  5.41980e-08  2.35741e-08
9.65875e+03  5.39548e-08  2.34808e-08
9.68453e+03  5.37135e-08  2.33873e-08
9.71038e+03  5.34719e-08  2.32947e-08
9.73630e+03  5.32323e-08  2.32010e-08
9.76229e+03  5.29925e-08  2.31083e-08
9.78834e+03  5.27539e-08  2.30153e-08
9.81447e+03  5.25159e-08  2.29236e-08
9.84066e+03  5.22797e-08  2.28315e-08
9.86693e+03  5.20440e-08  2.27400e-08
9.89326e+03  5.18099e-08  2.26490e-08
9.91967e+03  5.15775e-08  2.25580e-08
9.94615e+03  5.13457e-08  2.24682e-08
9.97269e+03  5.11154e-08  2.23781e-08
9.99931e+03  5.08865e-08  2.22889e-08
